F (x, 5, 5, 5, 7), (x, 5, 5, 9, 7), (x, x, 5, 5, 7)
F(add9) (x, 5, 0, 5, 7), (x, 5, 0, 7, 7), (x, 5, 2, 5, 5), (x, x, 0, 5, 7)
F11 (7, 0, 3, 3, 3), (7, 0, 8, 5, 8), (7, 3, 3, 0, 3), (7, 5, 8, 0, 8)
F5 (x, 5, 5, 5, 3), (x, 5, 5, 5, x), (x, 5, 5, x, x), (x, x, 5, 5, 3)
F6 (x, x, 7, 5, 7)
F7 (x, 5, 2, 5, 1), (x, x, 2, 5, 1), (x, x, 8, 5, 7)
F7(addb9) (7, 0, 8, 5, 4), (x, 5, 8, 6, 7), (x, 6, 8, 5, 7)
F7(add#9) (x, 5, 8, 8, 7), (x, 5, 8, 9, 6), (x, 8, 8, 5, 7), (x, 9, 8, 5, 6)
F7(b5) (7, 3, 4, 3, 3), (7, 3, 4, 5, 3), (x, 5, 8, 9, 9), (x, 9, 8, 5, 9)
F9 (x, 5, 8, 7, 7), (x, 5, 8, 9, 5), (x, 7, 8, 5, 7), (x, 9, 8, 5, 5)
F9(b5) (x, 5, 8, 7, 7), (x, 5, 8, 9, 5), (x, 7, 8, 5, 7), (x, 9, 8, 5, 5)
Faug (x, 5, 6, 9, 7), (x, 9, 6, 5, 7), (x, x, 6, 5, 7)
Faug7 (7, 3, 6, 3, 3), (7, 3, 6, 5, 3), (7, 3, 6, 5, x), (7, 5, 6, 3, x)
Fdim (x, 5, 4, 5, 6), (x, x, 4, 5, 6)
Fdim7 (6, 2, 4, 5, 0), (6, 5, 4, 2, 0), (6, 5, 4, 5, 0), (x, 5, 4, 8, 0)
Fm (x, 5, 5, 5, 6), (x, 5, 5, 8, 6), (x, x, 5, 5, 6)
Fm(maj7) (6, 0, 5, 4, 3), (6, 0, 5, 5, 2), (6, 4, 5, 0, 3), (6, 5, 5, 0, 2)
Fm11 (5, 8, 8, 5, 8), (x, 5, 8, 8, 8), (x, 8, 8, 5, 8)
Fm6 (x, 5, 5, 8, 0), (x, 5, 7, 8, 0)
Fm7 (6, 3, 5, 3, 3)
Fm7b5 (x, 8, 8, 5, 9)
Fm9 (5, 5, 1, 0, 1)
Fmaj7 (x, 5, 2, 5, 2), (x, 5, 9, 9, 7), (x, x, 2, 5, 2), (x, x, 9, 5, 7)
Fmaj9 (x, 7, 9, 5, 7)
Fsus2 (x, 5, 5, 5, 5)
Fsus4 (x, 5, 5, 5, 8)
