A (7, 7, 6, 4, x), (x, 7, 9, 9, 11)
A11 (7, 0, 6, 4, 5), (7, 0, 9, 7, 11), (7, 11, 9, 7, 0), (7, 5, 6, 4, 0)
A13 (7, 4, 6, 4, 5)
A7 (7, 5, 6, 7, 5), (7, 5, 6, x, x), (x, 7, 6, 9, 5), (x, x, 6, 9, 5)
A7(addb9) (7, 11, 0, 10, 8), (7, 11, 0, 9, 8), (7, 8, 6, 7, x), (x, 8, 6, 9, 5)
A7(b5) (7, 11, 8, 7, 7), (7, 5, 6, 3, x), (x, 1, 2, 1, 5), (x, 5, 2, 1, 1)
A7sus4 (7, 0, 0, 4, 0), (7, 0, 0, 4, 5), (7, 0, 0, 4, 7), (7, 0, 0, 7, 5)
A9 (7, 11, 0, 11, 9), (7, 11, 0, 9, 9), (7, 9, 6, 7, x), (x, 9, 6, 9, 5)
A9(b5) (7, 11, 0, 11, 9), (7, 11, 0, 9, 9), (x, 9, 6, 9, 5)
Aaug (7, 3, 6, 5, 3), (7, 3, 6, x, x), (7, 7, 6, 5, x), (x, 7, 10, 9, 11)
Aaug7 (7, 3, 6, 7, 3), (7, 5, 6, 5, 5), (7, 5, 6, 5, 7)
Adim (7, 10, 8, 0, 10), (7, 10, 8, 0, 7)
Adim7 (7, 4, 8, 0, 4), (7, 4, 8, 0, 7), (x, 4, 2, 0, 1)
Am (7, 10, 9, 0, 10), (7, 10, 9, 0, 7), (7, 7, 9, 0, 7), (x, 7, 9, 9, 10)
Am(maj7) (7, 10, 9, 0, 6), (7, 6, 9, 0, 6), (7, 6, 9, 0, 7), (7, 7, 9, 0, 6)
Am11 (7, 0, 0, 0, 5), (7, 0, 5, 0, 5), (7, 5, 7, 0, 0)
Am6 (7, 4, 5, 0, 4), (7, 4, 5, 0, 7), (7, 4, 5, 4, 4), (7, 7, 5, 0, 4)
Am7 (7, 10, 9, 7, 7), (7, 5, 9, 0, 5), (7, 5, 9, 0, 7), (7, 7, 9, 0, 5)
Am7b5 (7, 7, 8, 0, 5), (x, 5, 5, 3, 7), (x, 7, 5, 3, 5), (x, 7, 8, 0, 5)
Am9 (7, 10, 9, 7, 9), (7, 5, 9, 0, 9), (7, 9, 9, 0, 5), (7, 9, 9, 7, 10)
Amaj7 (7, 6, 6, 8, 6), (7, 7, 6, 8, 6), (7, 7, 6, 9, 6), (x, 7, 6, 9, 6)
Amaj9 (7, 9, 6, 8, 6), (7, 9, 6, 8, x), (7, 9, 6, 9, 6), (x, 9, 6, 9, 6)
Asus2 (7, 7, 9, 9, 9), (7, 9, 9, 9, 9), (x, 7, 9, 9, 9), (x, 9, 9, 9, 7)
Asus4 (7, 0, 7, 4, 0), (7, 0, 7, 4, 7), (7, 7, 7, 4, 0), (x, 7, 9, 9, 0)
