B (7, 9, 0, 6, 9), (x, x, 5, 6, 4)
B(add9) (7, 4, 7, 6, 4), (x, 9, 7, 6, 9), (x, 9, 9, 9, 11), (x, x, 5, 4, 1)
B11 (11, 7, 0, 7, 9), (11, 9, 0, 7, 7), (12, 13, 0, 0, 9), (12, 9, 0, 0, 13)
B13 (11, 7, 0, 11, 9), (11, 9, 0, 11, 7), (7, 6, 0, 6, 7), (7, 7, 0, 6, 6)
B5 (7, 9, 0, 9, 9), (x, x, 5, 2, 4), (x, x, 5, 9, 9), (x, x, x, 2, 4)
B6 (7, 4, 0, 6, 6), (7, 6, 0, 6, 4), (7, 6, 0, 6, 6), (x, x, 5, 6, 6)
B7 (7, 7, 0, 6, 4), (x, x, 5, 6, 7)
B7(addb9) (7, 7, 0, 6, 10), (7, 7, 6, 6, x), (7, 9, 9, 0, 10)
B7(add#9) (7, 0, 0, 6, 7), (7, 0, 5, 6, 7), (7, 7, 0, 6, 0), (7, 7, 5, 6, 0)
B7(b5) (7, 3, 3, 6, 3), (7, 7, 9, 8, 7), (7, 9, 9, 8, 7), (x, 9, 9, 8, 7)
B7sus4 (7, 7, 0, 7, 4), (x, x, 5, 7, 7)
B9 (7, 7, 7, 6, x), (7, 9, 9, 0, 11), (x, 9, 7, 6, 7), (x, 9, 9, 12, 11)
B9(b5) (7, 7, 7, 6, x), (7, 9, 9, 0, 11), (x, 9, 7, 6, 7), (x, 9, 9, 12, 11)
Baug (7, 5, 5, 6, 5), (x, x, 5, 6, 5)
Baug7 (7, 7, 5, 6, 5), (7, 7, 9, 0, 5), (7, 9, 9, 0, 5), (x, 9, 9, 10, 7)
Bdim7 (7, 0, 5, 8, 6), (7, 0, 8, 8, 6), (7, 6, 8, 8, 0), (7, 6, 8, 8, 6)
Bm (7, 0, 0, 5, 0), (7, 0, 0, 5, 4), (7, 0, 5, 5, 4)
Bm(maj7) (7, 0, 4, 5, 4), (7, 4, 4, 5, 4)
Bm11 (7, 0, 0, 7, 7), (7, 7, 5, 7, 0)
Bm6 (7, 0, 0, 5, 6), (7, 0, 5, 5, 6), (7, 6, 0, 5, 0), (x, x, 5, 5, 6)
Bm7 (7, 0, 0, 0, 0), (7, 0, 0, 0, 4), (7, 0, 0, 5, 7), (7, 4, 0, 0, 0)
Bm7b5 (7, 0, 5, 8, 7), (x, 0, 3, 2, 3), (x, 0, 5, 8, 7)
Bm9 (7, 0, 7, 0, 4), (7, 4, 7, 0, 0), (7, 7, 0, 4, 0)
Bmaj7 (7, 4, 4, 6, 4), (7, 8, 0, 6, 8), (7, 9, 0, 6, 8), (x, x, 5, 6, 8)
Bmaj9 (7, 8, 7, 6, x), (7, 8, 9, 9, 11), (x, 9, 7, 6, 8)
Bsus2 (7, 4, 0, 4, 4), (7, 4, 5, 4, 4), (7, 4, 7, 4, 4), (x, x, 5, 4, 4)
Bsus4 (7, 4, 0, 7, 4), (7, 4, 5, 7, 4), (x, 9, 10, 9, 9), (x, x, 5, 7, 4)
