C (x, x, 6, 7, 5)
C(add9) (8, 0, 6, 7, 0), (8, 0, 6, 7, 5), (8, 0, 8, 7, 5), (x, x, 6, 7, 0)
C13 (5, 5, 6, 7, 8), (5, 8, 6, 7, 5), (6, 2, 6, 0, 5), (6, 5, 6, 0, 2)
C5 (x, 10, 6, 10, 10), (x, x, 6, 10, 10), (x, x, 6, 3, 5), (x, x, x, 3, 5)
C6 (8, 10, 10, 0, 7), (8, 7, 10, 0, 7), (x, 10, 10, 10, 7), (x, x, 6, 7, 7)
C7 (8, 8, 10, 10, 8), (x, 10, 10, 10, 8), (x, 10, 10, 7, 8), (x, x, 6, 7, 8)
C7(addb9) (8, 11, 10, 10, 8), (8, 8, 10, 10, 11), (x, 10, 7, 7, 8)
C7(add#9) (8, 8, 9, 7, x), (x, 10, 10, 13, 13), (x, 10, 10, 6, 8), (x, 10, 9, 7, 8)
C7(b5) (8, 4, 4, 7, 4), (8, 8, 0, 7, 4), (x, 10, 10, 9, 8)
C7sus4 (x, 10, 11, 10, 8), (x, 10, 11, 8, 8), (x, 10, 6, 8, 8), (x, x, 6, 8, 8)
C9 (8, 0, 6, 7, 8), (8, 0, 8, 7, 8), (8, 8, 6, 7, 0), (8, 8, 8, 7, 0)
C9(b5) (8, 0, 0, 7, 8), (8, 0, 6, 7, 8), (8, 0, 8, 7, 8), (8, 8, 0, 7, 0)
Caug (8, 6, 6, 7, 6)
Caug7 (8, 10, 10, 11, 8), (8, 8, 10, 11, 8), (8, 8, 6, 7, 6), (x, 10, 10, 11, 8)
Cdim (8, 4, 0, 6, 4), (8, 4, 6, 6, 4), (x, 10, 9, 9, 10), (x, x, 6, 6, 4)
Cdim7 (8, 4, 0, 6, 7), (8, 7, 0, 6, 7)
Cm (8, 5, 6, 6, 5), (x, 10, 9, 10, 10), (x, x, 6, 6, 5)
Cm(maj7) (8, 5, 5, 6, 5), (8, 9, 5, 6, 5), (8, 9, 9, 10, 9), (x, 10, 9, 10, 9)
Cm11 (8, 0, 9, 8, 8), (8, 8, 9, 8, 0), (x, 10, 9, 8, 8)
Cm6 (x, 10, 9, 10, 7), (x, x, 6, 6, 7)
Cm7 (8, 8, 9, 10, 10), (8, 8, 9, 10, 8)
Cm7b5 (8, 4, 0, 6, 8), (8, 4, 4, 6, 4), (8, 8, 0, 6, 8), (x, 10, 9, 9, 8)
Cm9 (8, 0, 4, 6, 5), (8, 0, 9, 10, 8), (8, 8, 9, 10, 0)
Cmaj7 (8, 5, 5, 7, 5), (x, 10, 10, 10, 9), (x, 10, 10, 7, 9), (x, x, 6, 7, 9)
Cmaj9 (8, 0, 5, 7, 0), (8, 0, 5, 7, 5), (8, 0, 8, 7, 9), (8, 5, 5, 7, 0)
Csus2 (8, 0, 6, 5, 5), (8, 0, 8, 5, 5), (8, 5, 6, 5, 5)
Csus4 (8, 5, 6, 8, x), (x, 10, 11, 10, 10), (x, x, 6, 8, 5)
