D (x, 0, 2, 2, 4), (x, 0, 7, 6, 7), (x, 4, 2, 2, 0), (x, x, 2, 2, 4)
D(add9) (x, 0, 2, 4, 4), (x, 0, 7, 4, 4), (x, 2, 2, 2, 4), (x, 4, 2, 2, 2)
D11 (5, 0, 2, 0, 4), (5, 4, 2, 0, 0), (5, 4, 7, 0, 7), (5, 7, 7, 0, 4)
D13 (12, 9, 11, 9, 10), (7, 0, 4, 0, 4), (7, 0, 5, 6, 9), (7, 4, 4, 0, 0)
D5 (x, 0, 7, 9, 7)
D6 (x, 0, 4, 6, 0), (x, 0, 4, 6, 4)
D7 (x, 0, 5, 2, 4)
D7(addb9) (x, 0, 5, 3, 4), (x, 0, 8, 6, 10), (x, 1, 5, 2, 4), (x, 4, 5, 2, 1)
D7(add#9) (x, 0, 5, 5, 4)
D7(b5) (x, 4, 5, 8, 0)
D7sus4 (x, 0, 5, 2, 5), (x, 0, 5, 7, 5), (x, 0, 5, 7, 7)
D9 (x, 0, 5, 6, 2), (x, 4, 5, 2, 2)
D9(b5) (x, 0, 5, 6, 2), (x, 2, 5, 2, 4), (x, 4, 5, 2, 2)
Daug (x, 0, 3, 2, 4), (x, 0, 3, 6, 0), (x, 0, 3, 6, 4), (x, 4, 3, 2, 0)
Daug7 (x, 0, 5, 6, 8), (x, 10, 7, 6, 8)
Ddim (x, 0, 1, 2, 3), (x, 0, 7, 5, 6)
Ddim7 (x, 0, 10, 8, 9), (x, 0, 4, 5, 6), (x, 6, 4, 5, 0), (x, 9, 7, 5, 6)
Dm (x, 0, 2, 2, 3), (x, 0, 2, 5, 0), (x, 0, 2, 5, 3), (x, 3, 2, 2, 0)
Dm(maj7) (12, 0, 10, 9, 11), (12, 11, 10, 9, 0), (x, 0, 10, 9, 11), (x, 0, 6, 5, 7)
Dm11 (x, 0, 5, 5, 5), (x, 0, 5, 7, 3), (x, 3, 5, 2, 5), (x, 5, 5, 2, 3)
Dm6 (x, 0, 4, 2, 3), (x, 0, 4, 5, 0), (x, 0, 4, 5, 3), (x, 3, 4, 2, 0)
Dm7 (12, 0, 10, 9, 10), (12, 10, 10, 9, 0), (x, 0, 10, 9, 10), (x, 0, 5, 5, 7)
Dm7b5 (6, 0, 5, 5, 0), (x, 0, 10, 8, 10), (x, 0, 5, 5, 6), (x, 6, 5, 5, 0)
Dm9 (7, 0, 5, 4, 3), (7, 3, 5, 4, 0)
Dmaj7 (x, 0, 6, 2, 4), (x, 0, 6, 6, 0), (x, 0, 6, 6, 4), (x, 0, 6, 6, 7)
Dmaj9 (x, 0, 6, 4, 4), (x, 0, 6, 6, 2), (x, 2, 6, 2, 4), (x, 4, 6, 2, 2)
Dsus2 (x, 0, 2, 2, 2), (x, 0, 2, 4, 0), (x, 0, 2, 4, 2), (x, 2, 2, 2, 0)
Dsus4 (x, 0, 0, 7, 7), (x, 0, 0, 9, 7), (x, 0, 2, 2, 5), (x, 5, 2, 2, 0)
