Bb (8, 5, 7, 5, 8)
Bb(add9) (8, 0, 5, 0, 0), (8, 0, 5, 5, 0), (8, 5, 5, 0, 0), (8, 5, 7, 0, 0)
Bb11 (6, 3, 3, 5, 0), (6, 5, 3, 3, 0), (8, 5, 8, 8, 0), (8, 8, 8, 5, 0)
Bb13 (8, 5, 0, 8, 0), (8, 5, 7, 8, 5), (8, 8, 0, 5, 0), (8, 8, 10, 7, 0)
Bb5 (8, 10, 10, 10, 8), (8, 5, x, x, x), (x, 10, 10, 10, 8), (x, x, 10, 10, 8)
Bb6 (8, 5, 0, 5, 0), (8, 5, 0, 7, 0), (8, 7, 0, 5, 0), (8, 7, 0, 7, 0)
Bb7 (8, 10, 7, 8, 0), (8, 5, 7, 8, 0), (8, 8, 7, 5, 0), (8, 8, 7, 8, 0)
Bb7(addb9) (8, 8, 4, 5, 0), (8, 8, 4, 8, 0), (8, 8, 7, 11, 0)
Bb7(add#9) (8, 5, 6, 8, 0), (8, 8, 6, 10, 0), (8, 8, 6, 5, 0), (8, 8, 6, 8, 0)
Bb7(b5) (8, 4, 7, 8, 0), (8, 8, 7, 4, 0), (8, 8, 9, 10, 0), (8, 8, 9, 8, 0)
Bb7sus4 (8, 10, 8, 8, 8), (8, 5, 8, 5, 6), (8, 8, 8, 8, 8), (x, 10, 8, 10, 6)
Bb9 (8, 0, 5, 8, 0), (8, 8, 5, 0, 0), (8, 8, 7, 0, 0)
Bb9(b5) (8, 0, 5, 8, 0), (8, 0, 7, 0, 6), (8, 8, 5, 0, 0), (8, 8, 7, 0, 0)
Bbaug (8, 6, 7, 6, 8)
Bbaug7 (8, 6, 7, 6, 6), (8, 8, 7, 6, 0)
Bbdim (8, 4, 6, 4, 8), (8, 4, 6, x, x), (x, 10, 9, 10, 11), (x, x, 9, 10, 11)
Bbdim7 (8, 4, 6, 4, 5), (8, 7, 6, 4, x), (x, 1, 3, 4, 5), (x, 4, 3, 1, 5)
Bbm (8, 10, 10, 10, 11), (8, 5, 6, 5, 8), (8, 5, 6, x, x), (x, 10, 10, 10, 11)
Bbm(maj7) (8, 10, 10, 9, 11), (8, 5, 6, 5, 7), (8, 9, 10, 10, 11)
Bbm11 (8, 0, 8, 8, 11), (8, 8, 8, 10, 11)
Bbm6 (8, 5, 6, 5, 5), (8, 5, 6, 7, 5), (8, 7, 0, 10, 11), (8, 7, 6, x, x)
Bbm7 (8, 5, 6, 5, 6), (8, 5, 6, 8, x), (8, 8, 10, 8, 11), (8, 8, 6, 5, x)
Bbm7b5 (11, 10, 9, 8, x), (11, 8, 9, 10, 8), (11, 8, 9, 8, 8)
Bbm9 (8, 5, 6, 0, 6)
Bbmaj7 (8, 10, 7, 10, 7), (8, 10, 7, 9, 0), (8, 9, 7, 9, 0)
Bbmaj9 (8, 0, 7, 9, 7), (8, 9, 7, 0, 0)
Bbsus2 (8, 0, 5, 5, 8), (8, 5, 5, 0, 8), (8, 5, 5, 5, 8)
Bbsus4 (8, 5, 8, 5, 8), (8, 5, 8, 5, x), (8, 5, 8, x, x), (x, 10, 10, 10, 13)
