A (7, 4, 6, 4, 7), (7, 4, 6, x, x), (x, 9, 9, 9, 11)
A(add9) (x, 11, 9, 9, 11), (x, 9, 6, 9, 9)
A11 (11, 7, 9, 9, 0), (11, 9, 9, 7, 0), (7, 4, 6, 7, 0), (7, 7, 6, 4, 0)
A13 (7, 4, 6, 7, 4)
A6 (7, 4, 6, 6, 4), (7, 6, 6, x, x)
A7 (7, 4, 6, 4, 5), (7, 7, 6, x, x), (x, 9, 6, 9, 5)
A7(addb9) (7, 10, 0, 10, 11), (7, 7, 0, 10, 11), (7, 9, 0, 10, 11), (x, 9, 12, 10, 11)
A7(add#9) (7, 0, 6, 0, 5), (7, 0, 6, 7, 5), (7, 7, 6, 0, 5)
A7(b5) (7, 3, 6, 3, 5), (7, 3, 6, 7, x), (x, 1, 2, 3, 5), (x, 3, 2, 1, 5)
A7sus4 (7, 4, 0, 4, 0), (7, 4, 0, 7, 0), (7, 4, 7, 7, 0), (7, 7, 0, 4, 0)
A9 (7, 9, 0, 11, 11)
A9(b5) (7, 7, 0, 11, 11), (7, 9, 0, 11, 11), (x, 9, 12, 11, 11)
Aaug (7, 5, 6, 5, 7), (7, 5, 6, 5, x), (7, 5, 6, x, x), (x, 9, 10, 9, 11)
Aaug7 (7, 5, 6, 5, 5), (7, 5, 6, 7, 5), (7, 7, 6, 5, x)
Adim (7, 0, 8, 0, 7), (7, 3, 5, 0, 7), (7, 9, 8, 0, 7)
Adim7 (7, 3, 5, 0, 4), (7, 6, 8, 0, 7)
Am (7, 0, 9, 0, 7)
Am(maj7) (7, 0, 9, 0, 6)
Am11 (7, 0, 0, 4, 0), (7, 0, 5, 7, 0), (7, 0, 7, 0, 5), (7, 4, 0, 0, 0)
Am6 (7, 0, 5, 0, 4), (7, 0, 5, 6, 7), (7, 6, 5, 0, 4), (7, 6, 5, 0, 7)
Am7 (7, 0, 0, 4, 5), (7, 0, 0, 4, 7), (7, 4, 0, 0, 5), (7, 4, 0, 0, 7)
Amaj7 (7, 8, 6, 8, 6), (7, 9, 6, 8, 6)
Amaj9 (7, 11, 9, 8, 11), (x, 9, 13, 13, 9)
Asus2 (7, 4, 4, 4, 7), (7, 4, 4, x, x), (x, 9, 9, 9, 9)
Asus4 (7, 4, 7, 4, 7)
