F (x, 3, 3, 3, 3), (x, 3, 3, 3, 7), (x, 3, 3, 3, x), (x, 3, 6, 0, 3)
F(add9) (x, 3, 1, 0, 3), (x, 3, 3, 0, 5), (x, 3, 3, 3, 5), (x, 3, 6, 0, 5)
F11 (11, 10, 11, 0, 8), (11, 8, 11, 0, 10), (6, 10, 9, 8, 7), (6, 7, 9, 8, 10)
F13 (13, 10, 9, 0, 0), (13, 10, 9, 0, 12), (13, 10, 9, 12, 0), (13, 12, 9, 0, 10)
F5 (x, 3, 6, 3, 3), (x, 3, 6, x, x), (x, x, 11, 8, 10)
F6 (x, 3, 3, 0, 0), (x, 3, 3, 3, 0), (x, 3, 3, 5, 0), (x, 3, 3, 5, 3)
F7 (x, 3, 3, 0, 1), (x, 3, 3, 3, 1), (x, 3, 3, 6, 3), (x, 3, 6, 6, 7)
F7(addb9) (13, 10, 0, 0, 13), (x, 3, 0, 0, 1), (x, 3, 0, 6, 7), (x, 3, 3, 6, 4)
F7(add#9) (13, 13, 14, 0, 10), (x, 3, 2, 0, 1), (x, 3, 3, 6, 6)
F7(b5) (13, 9, 9, 12, 9), (x, 3, 3, 2, 1), (x, 3, 5, 0, 1), (x, 3, 5, 6, 7)
F7sus4 (x, 3, 4, 1, 1), (x, 3, 4, 3, 1), (x, 3, 4, 6, 3), (x, 3, 4, 6, x)
F9 (13, 10, 13, 0, 13), (13, 13, 13, 0, 10), (x, 3, 1, 0, 1), (x, 3, 3, 6, 5)
F9(b5) (13, 13, 13, 0, 9), (13, 9, 13, 0, 13), (x, 3, 1, 0, 1), (x, 3, 3, 6, 5)
Faug (x, 3, 3, 4, 3), (x, 3, 3, 4, 7), (x, 3, 3, 4, x), (x, 3, 7, 0, 7)
Faug7 (13, 11, 9, 0, 11), (13, 11, 9, 0, 13), (x, 3, 3, 4, 1), (x, 3, 7, 6, 7)
Fdim (x, 3, 2, 2, x), (x, 3, 5, 2, 6)
Fdim7 (13, 9, 11, 11, 0), (x, 3, 5, 5, 6)
Fm(maj7) (13, 10, 10, 11, 10), (13, 14, 10, 11, 10), (x, 3, 2, 3, 2), (x, 3, 6, 7, 6)
Fm11 (x, 3, 2, 1, 1), (x, 3, 4, 6, 6), (x, 6, 4, 6, 3), (x, 6, 9, 8, 8)
Fm6 (x, 3, 2, 5, 3)
Fm7 (13, 10, 9, 11, x), (x, 3, 2, 3, 1), (x, 3, 6, 6, 6), (x, 6, 6, 6, 3)
Fm7b5 (13, 13, 9, 11, 9), (13, 9, 9, 11, 9), (x, 3, 2, 2, 1), (x, 3, 5, 6, 6)
Fm9 (13, 10, 14, 10, 13)
Fmaj7 (x, 3, 3, 0, 2), (x, 3, 3, 3, 2), (x, 3, 3, 7, 3), (x, 3, 6, 0, 2)
Fmaj9 (13, 10, 13, 0, 14), (13, 14, 13, 0, 10), (x, 3, 1, 0, 2), (x, 3, 3, 7, 5)
Fsus2 (x, 3, 1, 3, 3), (x, 3, 1, 3, 5), (x, 3, 1, 3, x), (x, 3, 6, 3, 5)
Fsus4 (13, 10, 11, 13, 10), (x, 3, 4, 3, 3), (x, 3, 4, 3, x), (x, x, 11, 13, 10)
