E (x, 2, 2, 2, 2), (x, 2, 2, 2, 6), (x, 2, 2, 2, x), (x, 2, 5, 2, 6)
E(add9) (12, 9, 0, 11, 9), (x, 2, 0, 2, 6), (x, 2, 2, 2, 4), (x, x, 10, 9, 6)
E11 (5, 0, 2, 2, 2), (5, 0, 5, 7, 6), (5, 2, 2, 2, 0), (5, 6, 5, 7, 0)
E13 (12, 11, 14, 14, 0), (7, 0, 10, 11, 11), (7, 0, 7, 7, 6), (7, 6, 7, 7, 0)
E5 (x, 2, 5, 2, 2), (x, 2, 5, x, x), (x, x, 10, 7, 9)
E6 (x, 2, 2, 4, 2), (x, 2, 2, 4, 6), (x, 2, 2, 4, x), (x, 2, 5, 4, 6)
E7 (x, 2, 2, 5, 0), (x, 2, 2, 5, 2), (x, 2, 5, 5, 6)
E7(addb9) (12, 12, 11, 11, 0), (12, 9, 11, 11, 0), (x, 14, 11, 11, 12), (x, 2, 2, 5, 3)
E7(add#9) (12, 12, 13, 11, 0), (12, 9, 13, 11, 0), (x, 14, 13, 11, 12), (x, 2, 2, 5, 5)
E7(b5) (12, 8, 8, 11, 0), (12, 8, 8, 11, 8), (x, 2, 2, 1, 0), (x, 2, 4, 5, 6)
E7sus4 (x, 2, 3, 0, 0), (x, 2, 3, 2, 0), (x, 2, 3, 5, 0), (x, 2, 5, 0, 0)
E9 (12, 9, 0, 11, 0), (12, 9, 12, 11, 0), (x, 2, 0, 5, 6), (x, 2, 2, 5, 4)
E9(b5) (12, 8, 0, 11, 0), (x, 2, 0, 5, 6)
Eaug (x, 2, 2, 3, 2), (x, 2, 2, 3, 6), (x, 2, 2, 3, x), (x, 2, 6, 3, 6)
Eaug7 (12, 10, 8, 11, 0), (12, 12, 10, 11, 10), (x, 2, 2, 3, 0), (x, 2, 6, 5, 6)
Edim (x, 2, 1, 1, 2), (x, 2, 1, 1, 5), (x, x, 10, 10, 8)
Edim7 (12, 11, 13, 13, 11), (x, 14, 13, 13, 11), (x, 2, 4, 4, 5), (x, 5, 4, 4, 2)
Em (x, 2, 1, 2, 2), (x, 2, 1, 2, 5), (x, 2, 1, 2, x), (x, 2, 5, 2, 5)
Em(maj7) (12, 13, 9, 10, 9), (12, 9, 9, 10, 9), (x, 2, 1, 2, 1), (x, 2, 5, 6, 5)
Em11 (12, 9, 13, 12, 0), (x, 2, 1, 0, 0)
Em6 (x, 2, 1, 4, 2), (x, 2, 1, 4, 5), (x, 2, 1, 4, x), (x, 2, 5, 4, 5)
Em7 (12, 9, 8, 10, 0), (x, 2, 5, 5, 5)
Em7b5 (12, 8, 8, 10, 0), (12, 8, 8, 10, 8), (x, 2, 1, 1, 0), (x, 2, 4, 5, 5)
Em9 (12, 12, 0, 10, 9), (12, 9, 12, 10, 0)
Emaj7 (x, 2, 2, 6, 6)
Emaj9 (12, 13, 0, 11, 13), (12, 13, 0, 11, 9), (x, 2, 0, 6, 6), (x, 2, 2, 6, 4)
Esus2 (x, 2, 0, 2, 2), (x, 2, 0, 2, 4), (x, 2, 0, 2, x), (x, 2, 5, 2, 4)
Esus4 (x, 2, 3, 2, x), (x, 2, 5, 0, 2), (x, 2, 5, 0, x)
