C# (x, 11, 10, 9, 11), (x, 3, 1, 2, 3), (x, 6, 6, 6, 6), (x, x, 6, 6, 6)
C#(add9) (x, 11, 10, 14, 13), (x, 11, 10, 9, 13), (x, x, 6, 4, 3)
C#11 (6, 3, 6, 0, 4), (x, 11, 11, 12, 15), (x, 3, 6, 0, 4)
C#13 (6, 8, 6, 6, 9), (6, 9, 6, 6, 8), (x, 9, 10, 11, 11), (x, 9, 6, 6, 8)
C#5 (x, 11, x, 9, 11), (x, 6, 6, 9, x), (x, x, 6, 2, 6), (x, x, x, 2, 6)
C#6 (x, 11, 10, 11, 11), (x, 11, 10, 9, 8), (x, 6, 6, 6, 8), (x, x, 6, 6, 8)
C#7 (x, 11, 10, 9, 9), (x, 6, 6, 6, 9), (x, 9, 10, 9, 11), (x, x, 6, 6, 9)
C#7(addb9) (11, 0, 10, 0, 0), (11, 0, 10, 0, 9), (11, 0, 10, 9, 9), (11, 9, 10, 0, 0)
C#7(add#9) (11, 11, 10, 0, 14), (11, 14, 10, 0, 14), (x, 11, 10, 12, 14), (x, 3, 4, 2, 2)
C#7(b5) (0, 5, 4, 2, 3), (0, 9, 10, 8, 11)
C#7sus4 (11, 9, 11, 9, 9), (x, x, 6, 7, 9)
C#9 (11, 11, 10, 0, 13), (11, 13, 10, 0, 13), (x, 11, 10, 12, 13), (x, 3, 4, 2, 1)
C#9(b5) (11, 13, 10, 0, 11), (x, 11, 10, 12, 13)
C#aug (x, 11, 10, 10, 11), (x, 3, 2, 2, 3), (x, 7, 6, 6, 7), (x, x, 6, 6, 7)
C#aug7 (11, 9, 10, 10, 9), (x, 7, 6, 6, 9), (x, 9, 10, 10, 11)
C#dim (0, 11, 9, 8, 11), (0, 2, 0, 2, 2), (x, 11, 9, 8, 11)
C#dim7 (0, 11, 9, 8, 8), (0, 2, 3, 2, 5), (x, 11, 9, 8, 8)
C#m (x, 11, 9, 9, 11), (x, 2, 1, 2, 2), (x, 6, 6, 5, 6)
C#m(add9) (x, 11, 9, 9, 13)
C#m(maj7) (11, 10, 9, 9, x), (11, 14, 13, 13, 14), (x, 11, 13, 13, 14), (x, 11, 9, 9, 10)
C#m11 (11, 9, 9, 7, x), (x, 11, 11, 12, 14), (x, 11, 9, 7, 9)
C#m6 (x, 11, 9, 11, 11), (x, 11, 9, 9, 8), (x, 6, 6, 5, 8), (x, x, 6, 5, 8)
C#m7 (11, 11, 9, 9, 9), (11, 9, 9, 9, 9), (x, 11, 13, 12, 14), (x, 11, 9, 9, 9)
C#m7b5 (0, 11, 9, 8, 9), (0, 5, 4, 2, 2), (x, 11, 9, 8, 9), (x, 2, 4, 2, 5)
C#m9 (11, 13, 9, 9, 9), (11, 9, 9, 9, 13), (x, 11, 9, 12, 13), (x, 13, 9, 12, 11)
C#maj13 (x, 10, 10, 11, 11)
C#maj7 (x, 11, 10, 13, 11), (x, 11, 10, 9, 10), (x, 6, 6, 6, 10), (x, x, 6, 6, 10)
C#maj7(b5) (0, 11, 10, 8, 10), (0, 5, 5, 2, 3)
C#maj7(-sharp5) (x, 11, 10, 10, 10), (x, 7, 6, 6, 10)
C#maj9 (11, 13, 10, 13, 10), (11, 13, 10, 14, 10), (x, 10, 10, 14, 13), (x, 11, 10, 13, 13)
C#sus2 (x, 11, 8, 9, 11), (x, 11, 8, 9, x)
C#sus4 (x, 11, 11, 9, 11), (x, 11, 11, 9, x), (x, x, 6, 7, 6)
