B (x, 4, 4, 4, 4), (x, 9, 8, 7, 9), (x, x, 4, 4, 4), (x, x, 8, 0, 4)
B(add9) (9, 9, 8, 0, 11), (x, 11, 11, 12, 13), (x, 9, 8, 7, 11), (x, x, 4, 2, 1)
B11 (x, 1, 2, 0, 2), (x, 7, 8, 5, 9)
B13 (6, 4, 4, 4, 7), (6, 7, 4, 4, 4), (x, 7, 4, 4, 6), (x, 7, 8, 9, 9)
B5 (x, 4, 4, 0, 4), (x, 9, 11, 12, x), (x, x, x, 0, 4)
B6 (x, 4, 4, 4, 6), (x, 9, 8, 9, 9), (x, x, 8, 0, 6)
B7 (x, 1, 2, 0, 4), (x, 9, 8, 7, 7), (x, x, 4, 4, 7)
B7(addb9) (9, 10, 8, 0, 7), (9, 7, 8, 0, 10), (x, 10, 8, 0, 7), (x, 9, 8, 10, 10)
B7(add#9) (9, 0, 8, 0, 7), (9, 0, 8, 7, 7), (x, 1, 2, 0, 0), (x, 9, 8, 10, 12)
B7(b5) (13, 9, 10, 10, 9), (x, 1, 2, 0, 3), (x, 13, 10, 10, 9), (x, 9, 8, 6, 7)
B7sus4 (x, 2, 2, 0, 4), (x, 9, 9, 7, 7), (x, x, 4, 5, 7)
B9 (9, 11, 8, 0, 7), (x, 7, 8, 0, 11), (x, 9, 8, 10, 11)
B9(b5) (9, 11, 8, 0, 7), (9, 7, 8, 0, 11)
Baug (0, 5, 4, 4, 5), (0, 9, 8, 8, 9), (x, x, 4, 4, 5), (x, x, 8, 0, 5)
Baug7 (0, 7, 8, 0, 5), (0, 9, 8, 8, 7), (9, 7, 8, 8, 7), (x, 9, 8, 8, 7)
Bdim (x, 3, 4, 3, 0), (x, 9, 7, 6, 9), (x, x, 4, 3, 3), (x, x, 4, 6, 0)
Bdim7 (9, 6, 7, 6, 6), (x, 3, 1, 0, 0), (x, 9, 7, 6, 6)
Bm (x, 4, 4, 0, 0), (x, 9, 7, 7, 9), (x, x, 4, 7, 0)
Bm(add9) (x, 4, 4, 2, 0), (x, 9, 7, 7, 11)
Bm(maj7) (9, 0, 7, 7, 8), (9, 8, 7, 7, 0), (x, 0, 3, 0, 4), (x, 9, 7, 7, 8)
Bm11 (9, 0, 9, 0, 7), (9, 7, 9, 0, 0), (x, 0, 2, 0, 2), (x, 9, 9, 10, 12)
Bm6 (x, 4, 4, 3, 6), (x, 4, 7, 0, 6), (x, 9, 7, 9, 9), (x, x, 4, 3, 6)
Bm7 (9, 0, 7, 7, 7), (9, 9, 7, 7, 7), (x, 0, 2, 0, 4), (x, 9, 7, 7, 7)
Bm7b5 (9, 0, 7, 6, 7), (x, 0, 2, 0, 3), (x, 7, 7, 6, 9), (x, 9, 7, 6, 7)
Bm9 (9, 0, 6, 7, 7), (x, 7, 6, 0, 0), (x, 9, 7, 10, 11)
Bmaj13 (x, 8, 8, 0, 6)
Bmaj7 (9, 9, 8, 0, 8), (x, 4, 3, 0, 1), (x, 9, 8, 0, 8), (x, 9, 8, 7, 8)
Bmaj7(b5) (x, 3, 3, 0, 1), (x, 9, 8, 6, 8)
Bmaj7(-sharp5) (0, 9, 12, 11, 13), (0, 9, 8, 8, 8)
Bmaj9 (9, 11, 8, 0, 8), (9, 8, 8, 0, 11), (x, 11, 8, 11, 9), (x, 9, 8, 11, 11)
Bsus2 (x, 4, 4, 2, 4), (x, 9, 6, 7, 9), (x, x, 4, 2, 4), (x, x, 6, 0, 4)
Bsus4 (9, 9, 9, 7, x), (x, 9, 9, 7, 9), (x, x, 4, 5, 4)
