D (x, 0, 2, 3, 4), (x, 0, 7, 7, 7), (x, 7, 7, 7, 7), (x, x, 7, 7, 7)
D(add9) (x, 0, 2, 5, 4), (x, 0, 7, 5, 4), (x, 12, 11, 10, 14), (x, x, 7, 5, 4)
D11 (0, 0, 0, 1, 4), (0, 5, 5, 3, 4)
D13 (0, 0, 5, 7, 9), (0, 10, 7, 7, 9), (7, 0, 5, 0, 4), (7, 4, 5, 0, 0)
D5 (x, 0, 2, 3, 0), (x, 0, 2, 3, x), (x, 0, 2, x, x), (x, 7, 7, 10, x)
D6 (x, 0, 2, 0, 4), (x, 0, 4, 0, 4), (x, 0, 4, 3, 4), (x, 7, 7, 7, 9)
D7 (x, 0, 2, 1, 4), (x, 0, 5, 3, 4), (x, 0, 5, 7, 0), (x, 7, 7, 7, 10)
D7(addb9) (12, 0, 11, 13, 13), (x, 0, 11, 13, 13), (x, 0, 5, 4, 4), (x, 0, 8, 7, 10)
D7(add#9) (x, 0, 10, 7, 10), (x, 0, 5, 6, 4), (x, 0, 5, 7, 3), (x, 12, 11, 13, 15)
D7(b5) (x, 0, 1, 1, 4), (x, 0, 11, 9, 10), (x, 0, 5, 7, 6), (x, 10, 11, 9, 12)
D7sus4 (0, 0, 5, 8, 7), (0, 7, 7, 8, 10), (x, 0, 0, 1, 0), (x, 0, 5, 3, 5)
D9 (x, 0, 11, 13, 14), (x, 0, 5, 5, 4), (x, 0, 9, 7, 10), (x, 12, 11, 13, 14)
D9(b5) (x, 0, 9, 7, 10)
Daug (x, 0, 3, 3, 4), (x, 0, 7, 7, 8), (x, 4, 3, 3, 4), (x, x, 7, 7, 8)
Daug7 (x, 0, 3, 1, 4), (x, 4, 3, 1, 0), (x, 8, 7, 7, 10)
Ddim (x, 0, 1, 3, 3), (x, 0, 7, 6, 6), (x, 6, 7, 6, 6), (x, x, 7, 6, 6)
Ddim7 (x, 0, 1, 0, 3), (x, 0, 4, 6, 6), (x, 12, 10, 9, 9)
Dm (x, 0, 2, 3, 3), (x, 7, 7, 6, 7), (x, x, 7, 6, 7)
Dm(add9) (x, 0, 2, 5, 3), (x, 12, 10, 10, 14)
Dm(maj7) (x, 0, 10, 10, 11), (x, 0, 2, 2, 3), (x, 0, 6, 6, 7), (x, 12, 10, 10, 11)
Dm11 (0, 0, 0, 1, 3), (0, 3, 5, 3, 5), (x, 0, 0, 1, 3), (x, 0, 5, 6, 5)
Dm6 (x, 0, 2, 0, 3), (x, 0, 4, 0, 3), (x, 7, 7, 6, 9)
Dm7 (x, 0, 10, 10, 10), (x, 0, 2, 1, 3), (x, 0, 5, 6, 7), (x, 12, 10, 10, 10)
Dm7b5 (x, 0, 1, 1, 3), (x, 0, 10, 9, 10), (x, 6, 5, 3, 3)
Dm9 (12, 10, 10, 10, 14), (12, 14, 10, 10, 10), (x, 0, 5, 5, 3), (x, 12, 10, 13, 14)
Dmaj13 (x, 0, 4, 2, 4)
Dmaj7 (x, 0, 2, 2, 4), (x, 0, 6, 7, 7), (x, 12, 11, 10, 11)
Dmaj7(b5) (x, 0, 1, 2, 4), (x, 12, 11, 9, 11)
Dmaj7(-sharp5) (x, 0, 3, 2, 4), (x, 12, 11, 11, 11)
Dmaj9 (x, 0, 11, 14, 14), (x, 0, 6, 5, 4), (x, 0, 9, 7, 11), (x, 12, 11, 14, 14)
Dsus2 (x, 0, 7, 5, 7), (x, 7, 7, 5, 7)
Dsus4 (0, 0, 2, 3, 5), (0, 7, 7, 8, 7), (x, 0, 0, 8, 7), (x, 0, 2, 3, 5)
