F# (x, 4, 3, 2, x), (x, 4, 6, 7, 8)
F#(add9) (x, 4, 3, 2, 6), (x, 4, 3, 7, 6), (x, 6, 6, 7, 8), (x, x, 11, 9, 8)
F#11 (x, 4, 3, 0, 2), (x, 8, 9, 7, 9)
F#13 (11, 13, 11, 11, 14), (13, 11, 11, 11, 14), (13, 14, 11, 11, 11), (x, 2, 3, 4, 4)
F#5 (x, 4, 6, 7, x), (x, 4, 6, x, x), (x, 4, x, 2, 4)
F#6 (x, 4, 3, 2, 1), (x, 4, 3, 4, 1), (x, 4, 3, 4, x), (x, 4, 8, 7, 8)
F#7 (x, 4, 3, 2, 2), (x, 4, 3, 5, 4), (x, 4, 3, 5, x)
F#7(addb9) (x, 4, 0, 5, 8), (x, 4, 3, 5, 5), (x, 5, 3, 5, 4), (x, 8, 0, 5, 4)
F#7(add#9) (7, 8, 9, 7, 7), (x, 4, 3, 5, 7), (x, 7, 3, 5, 4), (x, 7, 9, 7, 8)
F#7(b5) (x, 4, 3, 1, 2), (x, 4, 5, 5, 8), (x, 8, 9, 7, 10)
F#7sus4 (x, 4, 4, 0, 2), (x, 4, 4, 2, 2), (x, 4, 4, 5, 2), (x, 4, 4, 5, 4)
F#9 (6, 4, 3, 5, x), (x, 4, 3, 5, 6), (x, 6, 3, 5, 4), (x, 6, 9, 7, 8)
F#9(b5) (6, 4, 3, 5, x), (x, 4, 3, 5, 6), (x, 6, 3, 5, 4), (x, 6, 9, 7, 8)
F#aug (x, 0, 3, 3, 4), (x, 4, 3, 3, x), (x, 4, 3, 7, 0), (x, 4, 7, 7, 8)
F#aug7 (8, 0, 9, 7, 0), (x, 4, 3, 3, 2), (x, 4, 7, 5, 8)
F#dim (x, 4, 2, 1, x), (x, 4, 5, 7, 7), (x, x, 11, 10, 10)
F#dim7 (x, 4, 2, 1, 1)
F#m (x, 4, 2, 2, 4), (x, 4, 2, 2, x), (x, 4, 6, 7, 7), (x, x, 11, 10, 11)
F#m(add9) (x, 6, 6, 7, 7)
F#m(maj7) (7, 4, 6, 6, 4), (x, 4, 2, 2, 3), (x, 7, 6, 6, 4), (x, 7, 6, 7, 3)
F#m11 (6, 2, 2, 0, 4), (6, 4, 2, 0, 2), (6, 7, 4, 5, 4), (x, 4, 2, 0, 2)
F#m6 (x, 4, 2, 2, 1), (x, 4, 2, 4, 1), (x, 4, 6, 4, 7)
F#m7 (7, 4, 6, 5, 4), (7, 4, 6, 5, x), (x, 4, 2, 2, 2), (x, 4, 6, 5, 7)
F#m7b5 (7, 4, 5, 5, 4), (x, 4, 2, 1, 2), (x, 4, 5, 5, 7), (x, 7, 5, 5, 4)
F#m9 (6, 2, 2, 2, 4), (x, 4, 2, 5, 6)
F#maj13 (x, 3, 3, 4, 4)
F#maj7 (x, 4, 3, 2, 3), (x, 4, 3, 6, 3), (x, 4, 3, 6, 4), (x, 4, 6, 6, 8)
F#maj7(b5) (x, 10, 10, 7, 8), (x, 4, 3, 1, 3)
F#maj7(-sharp5) (x, 12, 11, 11, 15), (x, 4, 3, 3, 3)
F#maj9 (6, 4, 3, 6, 3), (x, 4, 3, 6, 6), (x, 6, 3, 6, 4), (x, 6, 3, 7, 3)
F#sus2 (x, 4, 1, 2, 4), (x, 4, 1, 2, x), (x, 4, 6, 2, 6), (x, 4, 6, 7, 6)
F#sus4 (x, 4, 4, 2, 4), (x, 4, 4, 2, x), (x, 4, 6, 0, 4), (x, 4, 6, 0, x)
