Bb (x, 3, 3, 3, 3), (x, 8, 7, 6, 8), (x, x, 3, 3, 3), (x, x, 3, 6, 0)
Bb(add9) (8, 0, 5, 6, 0), (x, 3, 3, 1, 0), (x, 8, 7, 6, 10), (x, x, 3, 1, 0)
Bb11 (8, 0, 8, 6, 6), (8, 6, 8, 6, 0), (x, 6, 3, 4, 0), (x, 8, 7, 4, 6)
Bb13 (0, 6, 3, 3, 5), (0, 6, 7, 8, 8), (8, 0, 0, 6, 6), (8, 6, 0, 6, 0)
Bb5 (x, 3, 3, 6, x), (x, 8, x, 6, 8), (x, x, 3, 6, 3), (x, x, 3, 6, x)
Bb6 (0, 0, 3, 6, 5), (0, 3, 3, 3, 5), (8, 0, 0, 6, 0)
Bb7 (x, 3, 3, 3, 6), (x, 6, 3, 6, 0), (x, 8, 7, 6, 6), (x, x, 3, 3, 6)
Bb7(addb9) (8, 6, 7, 0, 0), (8, 8, 7, 0, 6), (x, 8, 7, 0, 6)
Bb7(add#9) (8, 6, 6, 6, 0), (x, 0, 6, 9, 8), (x, 8, 7, 9, 11)
Bb7(b5) (8, 0, 7, 5, 6), (x, 6, 3, 5, 0), (x, 6, 7, 5, 8), (x, 8, 7, 5, 6)
Bb7sus4 (8, 6, 8, 6, 6), (x, 3, 3, 4, 6), (x, x, 3, 4, 6)
Bb9 (8, 6, 5, 6, 0), (x, 0, 5, 9, 8), (x, 8, 7, 9, 10)
Bb9(b5) (8, 0, 5, 5, 6), (8, 0, 5, 9, 0), (8, 0, 7, 9, 10), (8, 6, 5, 5, 0)
Bbaug (8, 8, 7, 7, 0), (x, 4, 3, 3, 4), (x, 8, 7, 7, 8), (x, x, 3, 3, 4)
Bbaug7 (8, 0, 7, 7, 6), (x, 4, 3, 3, 6), (x, 6, 7, 7, 8), (x, 8, 7, 7, 6)
Bbdim (x, 2, 3, 2, 2), (x, 8, 6, 5, 8), (x, x, 3, 2, 2)
Bbdim7 (0, 2, 3, 2, 5), (0, 8, 6, 5, 5), (8, 5, 6, 5, 5), (x, 8, 6, 5, 5)
Bbm (x, 3, 3, 2, 3), (x, 8, 6, 6, 8), (x, x, 3, 2, 3)
Bbm(add9) (x, 8, 6, 6, 10)
Bbm(maj7) (8, 11, 10, 10, 11), (8, 7, 6, 6, x), (x, 8, 10, 10, 11), (x, 8, 6, 6, 7)
Bbm11 (8, 11, 8, 9, 8), (x, 8, 6, 4, 6), (x, 8, 8, 9, 11)
Bbm6 (0, 3, 3, 2, 5), (0, 5, 6, 6, 8), (0, 8, 10, 8, 11)
Bbm7 (8, 6, 6, 6, 6), (8, 8, 6, 6, 6), (x, 8, 10, 9, 11), (x, 8, 6, 6, 6)
Bbm7b5 (x, 11, 9, 9, 8), (x, 6, 6, 5, 8), (x, 8, 6, 5, 6), (x, 8, 9, 9, 11)
Bbm9 (8, 10, 6, 6, 6), (8, 6, 6, 6, 10), (x, 10, 6, 9, 8), (x, 8, 6, 9, 10)
Bbmaj13 (0, 8, 12, 10, 0), (0, 8, 7, 8, 7)
Bbmaj7 (8, 0, 7, 6, 7), (8, 7, 7, 6, 0), (x, 0, 3, 6, 7), (x, 8, 7, 6, 7)
Bbmaj7(b5) (x, 0, 3, 5, 7), (x, 8, 7, 5, 7)
Bbmaj7(-sharp5) (x, 8, 11, 10, 12), (x, 8, 7, 7, 7)
Bbmaj9 (8, 0, 5, 6, 7), (8, 7, 5, 6, 0), (x, 12, 14, 11, 10), (x, 8, 7, 10, 10)
Bbsus2 (x, 3, 3, 1, 3), (x, 8, 5, 6, 8)
Bbsus4 (x, 8, 8, 6, 8)
