G (0, 2, 4, 2, 3) f=01312, (7, 8, 8, 8, 8) f=01111
G(add9) (7, 8, 8, 10, 8) f=01131, (9, 12, 9, 10, 11) f=03012
G11 (5, 6, 5, 5, 8) f=01003, (5, 8, 6, 6, 8) f=03114
G13 (0, 5, 4, 4, 3) f=04231, (4, 6, 4, 5, 8) f=02014
G5 (0, 2, 0, 2, 3) f=01023, (7, 8, 8, 8, 11) f=01114
G6 (0, 2, 4, 4, 3) f=01342
G7 (0, 2, 4, 5, 3) f=01342, (5, 8, 8, 6, 8) f=02314
G7(add#9) (4, 6, 5, 8, 7) f=02143, (4, 8, 5, 6, 7) f=04123
G7(b5) (5, 6, 7, 8, 8) f=01234, (5, 8, 7, 6, 8) f=03214
G7sus4 (0, 2, 0, 0, 1) f=02001, (5, 8, 8, 6, 9) f=02314
G9 (4, 6, 5, 8, 6) f=02143, (7, 8, 11, 10, 8) f=01431
Gaug (0, 3, 4, 3, 3) f=01211, (7, 8, 9, 8, 8) f=01211
Gaug7 (0, 3, 4, 5, 3) f=01231, (5, 8, 9, 6, 8) f=02413
Gdim (0, 1, 3, 1, 3) f=01314, (6, 8, 7, 8, 7) f=02131
Gdim7 (0, 1, 3, 4, 3) f=01243, (4, 8, 7, 5, 7) f=04213
Gm (0, 2, 3, 2, 3) f=01213, (6, 8, 8, 8, 7) f=02341
Gm(add9) (6, 8, 8, 10, 7) f=02341, (9, 11, 9, 10, 11) f=02013
Gm(maj7) (10, 11, 13, 15, 15) f=01244, (6, 8, 8, 7, 7) f=02311
Gm11 (5, 6, 5, 5, 7) f=01002, (5, 8, 6, 6, 7) f=03112
Gm6 (0, 2, 3, 4, 3) f=01243, (10, 11, 13, 15, 10) f=01240
Gm7 (10, 11, 13, 15, 14) f=01243, (5, 8, 8, 6, 7) f=03412
Gm7b5 (10, 11, 13, 14, 14) f=01344, (5, 8, 7, 6, 7) f=04213
Gm9 (6, 10, 11, 8, 7) f=03421, (9, 11, 9, 10, 14) f=02014
Gmaj13 (4, 8, 5, 7, 4) f=04130, (6, 8, 10, 7, 8) f=02413
Gmaj7 (6, 8, 8, 7, 8) f=02314
Gmaj7(b5) (6, 8, 7, 7, 8) f=02113
Gmaj7(-sharp5) (3, 4, 5, 7, 4) f=01241, (6, 8, 9, 7, 8) f=02413
Gmaj9 (4, 8, 5, 7, 6) f=04132, (6, 7, 6, 10, 8) f=01042
Gsus2 (0, 2, 2, 2, 3) f=01112, (5, 8, 8, 8, 6) f=02341
Gsus4 (0, 2, 0, 0, 3) f=01002, (7, 8, 8, 8, 9) f=01112
