B (5, 5, 7, 8) f=1134, (9, 10, 10, 12) f=1224, (9, 10, 10, 8) f=2341
B(add9) (4, 1, 4, 2) f=3142, (7, 5, 7, 8) f=2134, (9, 12, 10, 8) f=2431
B11 (2, 1, 2, 0) f=2130, (4, 1, 0, 0) f=4100, (9, 8, 8, 8) f=2111
B13 (1, 1, 2, 5) f=1124, (2, 1, 2, 4) f=2134, (5, 7, 7, 6) f=1342
B5 (4, 4, 2, 2) f=3411, (4, 4, 2, x) f=3410, (5, 5, 4, 8) f=1103, (x, x, 2, 2) f=0044
B6 (1, 1, 2, 2) f=1123, (5, 5, 7, 5) f=1131, (9, 7, 10, 8) f=3142
B7 (2, 1, 2, 2) f=2134, (5, 5, 7, 6) f=1132, (9, 8, 10, 8) f=2131
B7(addb9) (4, 1, 3, 5) f=3124, (5, 1, 2, 5) f=4444, (5, 8, 7, 9) f=1324, (6, 8, 7, 8) f=1324
B7(add#9) (4, 1, 5, 5) f=2134, (5, 4, 7, 6) f=1032, (8, 8, 7, 8) f=2314, (9, 7, 7, 8) f=4004
B7(b5) (2, 1, 2, 1) f=2131, (4, 1, 0, 1) f=4404, (5, 4, 7, 6) f=2143, (9, 8, 9, 8) f=2131
B7sus4 (10, 8, 10, 8) f=3141, (2, 2, 2, 2) f=1111, (5, 5, 8, 6) f=1142
B9 (4, 1, 4, 5) f=2134, (5, 8, 7, 4) f=1320, (7, 10, 7, 6) f=4444, (7, 8, 7, 8) f=1324
Baug (0, 1, 2, 3) f=0123, (4, 1, 2, 3) f=4123, (5, 6, 7, 8) f=1234
Baug7 (0, 1, 2, 5) f=0124, (2, 1, 2, 3) f=2134, (5, 6, 7, 6) f=1243
Bdim (4, 0, 2, 1) f=4021, (5, 4, 6, 8) f=2134, (8, 10, 9, 8) f=1321
Bdim7 (1, 0, 2, 1) f=1032, (4, 3, 5, 4) f=2143, (8, 7, 9, 8) f=2143
Bm (4, 0, 2, 2) f=3011, (4, 0, 5, 2) f=4044, (5, 5, 6, 8) f=1124, (8, 10, 10, 8) f=1341
Bm(add9) (4, 0, 4, 2) f=3041, (5, 5, 6, 4) f=1120, (8, 12, 10, 8) f=1421
Bm(maj7) (3, 0, 2, 2) f=3011, (5, 5, 6, 7) f=1123, (8, 9, 10, 8) f=1231
Bm11 (2, 0, 2, 0) f=2030, (5, 4, 8, 6) f=1042, (8, 8, 8, 8) f=1111
Bm6 (1, 0, 2, 2) f=1023, (4, 0, 2, 4) f=4044, (4, 4, 5, 4) f=1121, (8, 7, 10, 8) f=2143
Bm7 (2, 0, 2, 2) f=1023, (4, 4, 5, 5) f=1123, (8, 8, 10, 8) f=1131
Bm7b5 (2, 0, 2, 1) f=2031, (4, 3, 5, 5) f=2134, (8, 8, 9, 8) f=1121
Bm9 (4, 0, 4, 5) f=1023, (7, 8, 6, 8) f=2314, (8, 12, 8, 8) f=1311
Bmaj7 (3, 1, 2, 2) f=4123, (4, 1, 1, 2) f=4112, (5, 5, 7, 7) f=1134, (x, 10, 7, 7) f=0444
Bmaj9 (4, 1, 4, 0) f=2130, (5, 9, 7, 4) f=1320, (7, 10, 7, 7) f=4444, (7, 9, 7, 8) f=1312
Bsus2 (4, 4, 4, 2) f=2341, (5, 5, 5, 8) f=1114, (7, 10, 10, 8) f=1342
Bsus4 (10, 10, 10, 8) f=2341, (4, 4, 2, 0) f=3410, (5, 5, 8, 8) f=1144
