G (x, 5, 5, 2, 0), (x, 5, 5, 5, 0), (x, 5, 5, 5, 5), (x, x, 1, 2, 0)
G(add9) (x, 5, 3, 2, 0), (x, 5, 5, 0, 0), (x, 5, 5, 0, 5), (x, 5, 5, 5, 7)
G11 (7, 0, 11, 10, 10), (7, 0, 6, 8, 5), (7, 10, 11, 10, 0), (7, 5, 6, 8, 0)
G13 (12, 0, 11, 10, 9), (13, 0, 10, 10, 9), (15, 0, 11, 14, 14), (15, 14, 11, 14, 0)
G5 (x, 5, 8, 5, 0), (x, 5, 8, 5, 5), (x, x, 1, 5, 5)
G6 (x, 5, 5, 5, 2), (x, 5, 5, 7, 0), (x, 5, 5, 7, 5), (x, x, 1, 2, 2)
G7 (x, 5, 5, 2, 3), (x, 5, 5, 5, 3), (x, 5, 5, 8, 5), (x, x, 1, 2, 3)
G7(addb9) (7, 6, 5, 8, 5), (x, 5, 2, 2, 3), (x, 5, 5, 8, 6), (x, 6, 5, 8, 5)
G7(add#9) (6, 0, 5, 8, 5), (x, 5, 4, 2, 3), (x, 5, 5, 1, 3), (x, 5, 5, 8, 8)
G7(b5) (15, 11, 11, 14, 11), (7, 5, 7, 8, 5), (x, 5, 5, 4, 3), (x, 5, 7, 8, 9)
G7sus4 (x, 5, 6, 3, 3), (x, 5, 6, 5, 3), (x, 5, 6, 8, 0), (x, x, 1, 3, 3)
G9 (5, 5, 5, 0, 3), (x, 5, 5, 0, 3), (x, 5, 5, 8, 7)
G9(b5) (5, 5, 5, 0, 3), (x, 5, 3, 2, 3), (x, 5, 5, 0, 3), (x, 5, 5, 8, 7)
Gaug (x, 5, 1, 2, 1), (x, 5, 5, 2, 1), (x, 5, 5, 6, 5), (x, x, 1, 2, 1)
Gaug7 (15, 13, 11, 14, x), (x, 5, 5, 6, 3), (x, 5, 9, 8, 9), (x, 9, 9, 8, 5)
Gdim (x, 5, 4, 4, 5), (x, 5, 4, 4, 8), (x, 5, 7, 4, 8)
Gdim7 (6, 5, 7, 7, 5), (x, 5, 7, 7, 8)
Gm (x, 5, 4, 1, 0), (x, 5, 4, 5, 0), (x, 5, 4, 5, 5), (x, x, 1, 1, 0)
Gm(maj7) (6, 0, 0, 5, 5), (6, 5, 0, 5, 0), (x, 5, 4, 5, 4), (x, 5, 8, 9, 8)
Gm11 (5, 3, 4, 3, 5), (5, 5, 6, 8, 8), (x, 5, 4, 3, 3), (x, 5, 6, 8, 8)
Gm6 (x, 5, 4, 5, 2), (x, 5, 4, 7, 0), (x, 5, 4, 7, 5), (x, x, 1, 1, 2)
Gm7 (15, 12, 11, 13, 0), (x, 5, 4, 5, 3), (x, 5, 4, 8, 0), (x, 5, 8, 8, 8)
Gm7b5 (15, 11, 11, 13, 11), (x, 5, 4, 4, 3), (x, 5, 7, 8, 8), (x, 8, 7, 8, 5)
Gm9 (5, 0, 1, 1, 3), (5, 0, 4, 8, 5), (5, 3, 1, 1, 0), (5, 5, 4, 8, 0)
Gmaj7 (x, 5, 1, 2, 4), (x, 5, 5, 2, 4), (x, 5, 5, 5, 4), (x, x, 1, 2, 4)
Gmaj9 (5, 5, 0, 2, 0), (x, 5, 3, 2, 4), (x, 5, 5, 0, 4), (x, 5, 5, 9, 7)
Gsus2 (x, 5, 3, 0, 0), (x, 5, 3, 5, 0), (x, 5, 3, 5, 5)
Gsus4 (x, 5, 6, 3, 0), (x, 5, 6, 5, 0), (x, 5, 6, 5, 5), (x, x, 1, 3, 0)
