D (2, 0, 0, 2) f=1002, (2, 4, 5, 5) f=1344, (8, 8, 10, 11) f=1134
D(add9) (2, 2, 5, 2) f=1141, (2, 4, 5, 0) f=1340, (8, 5, 4, 4) f=4400, (8, 8, 10, 7) f=1240
D11 (0, 0, 3, 2) f=0032, (5, 4, 5, 3) f=3241, (8, 6, 10, 9) f=2143
D13 (5, 0, 2, 2) f=3011, (6, 5, 10, 8) f=1042, (6, 5, 6, 8) f=2134
D5 (2, 0, 0, 5) f=1004, (8, 8, 6, 6) f=3411, (8, 8, 7, 11) f=1103
D6 (2, 0, 2, 2) f=1023, (4, 4, 5, 5) f=1123, (8, 8, 10, 8) f=1131
D7 (2, 0, 3, 2) f=1032, (5, 4, 5, 5) f=2134, (8, 8, 10, 9) f=1132
D7(addb9) (6, 2, 7, 3) f=3041, (8, 11, 10, 12) f=1324, (8, 5, 7, 9) f=3124
D7(add#9) (11, 8, 9, 9) f=3011, (12, 11, 9, 11) f=4213, (5, 3, 5, 2) f=3241, (8, 5, 9, 9) f=4444
D7(b5) (1, 0, 3, 2) f=1032, (5, 4, 5, 4) f=2131, (8, 5, 4, 5) f=4444, (8, 7, 10, 9) f=2143
D7sus4 (2, 0, 3, 3) f=1034, (5, 5, 5, 5) f=1111, (8, 8, 11, 9) f=1142
D9 (5, 4, 5, 0) f=2130, (8, 11, 10, 7) f=1430, (8, 5, 8, 9) f=2134
D9(b5) (10, 8, 10, 9) f=4044
Daug (3, 0, 1, 2) f=3012, (4, 5, 6, 7) f=1234, (8, 9, 10, 11) f=1234
Daug7 (3, 0, 3, 2) f=2031, (6, 5, 6, 7) f=2134, (8, 9, 10, 9) f=1243
Ddim (1, 3, 5, 1) f=1241, (8, 4, 6, 5) f=4132, (8, 7, 9, 11) f=2134, (x, 4, 9, 5) f=0044
Ddim7 (1, 0, 2, 1) f=1032, (11, 7, 12, 8) f=3041, (4, 3, 5, 4) f=2143
Dm (2, 0, 0, 1) f=2001, (2, 3, 5, 5) f=1244, (8, 8, 9, 11) f=1124
Dm(add9) (2, 3, 5, 0) f=1240, (8, 4, 8, 6) f=3142, (8, 8, 9, 7) f=1230
Dm(maj7) (2, 0, 4, 1) f=2041, (7, 4, 6, 6) f=4123, (8, 8, 9, 10) f=1123
Dm11 (0, 0, 3, 1) f=0031, (5, 3, 5, 3) f=3141, (8, 6, 9, 9) f=2144
Dm6 (2, 0, 2, 1) f=2031, (4, 3, 5, 5) f=2134, (8, 8, 9, 8) f=1121
Dm7 (2, 0, 3, 1) f=2031, (5, 3, 5, 5) f=2134, (8, 8, 9, 9) f=1123
Dm7b5 (1, 0, 3, 1) f=1042, (5, 3, 5, 4) f=3142, (8, 7, 9, 9) f=2134
Dm9 (10, 11, 9, 11) f=2314, (5, 3, 5, 0) f=3140, (8, 4, 4, 3) f=4110
Dmaj7 (2, 0, 4, 2) f=1042, (7, 5, 6, 6) f=4123, (8, 8, 10, 10) f=1134, (x, 0, 4, 2) f=0044
Dmaj9 (7, 3, 6, 3) f=4131, (7, 5, 6, 4) f=3120, (8, 5, 8, 4) f=2130
Dsus2 (2, 0, 0, 0) f=1000, (2, 2, 5, 5) f=1144, (8, 8, 8, 11) f=1114, (x, 0, 0, 0) f=0000
Dsus4 (0, 5, 5, 5) f=0111, (2, 0, 0, 3) f=1003, (8, 8, 11, 11) f=1144
