A (x,2,2,2,2), (x,7,6,5,7), (7,7,6,5,x)
Am (x,2,2,1,2), (x,7,5,5,7), (7,7,5,5,x)
Adim (x,1,2,1,1), (x,7,5,4,7), (x,x,2,1,1)
Adim7 (x,7,5,4,4), (7,4,5,4,7)
Asus2 (x,2,2,0,2), (x,7,4,5,7), (x,x,2,0,2), (x,7,9,0,9)
Asus4 (x,7,7,5,7), (x,x,2,3,2), (7,7,7,5,0)
Aaug (x,3,2,2,3), (x,7,6,6,7), (x,x,2,2,3), (x,7,6,6,3)
A5 (x,2,2,5,x), (x,7,x,5,7), (x,x,2,5,2), (x,x,2,5,x)
A6 (x,2,2,2,4), (x,7,6,5,4), (x,7,6,7,7), (x,x,2,2,4)
Am6 (x,2,2,1,4), (x,4,5,5,7), (x,7,9,7,10), (x,x,2,1,4)
A7 (0,2,2,2,5), (0,7,6,5,5), (0,5,6,5,7), (x,x,2,2,5)
A7(b5) (0,5,6,4,7), (0,7,8,8,11), (x,7,6,4,5), (7,5,6,4,x)
Aaug7 (0,3,2,2,5), (0,5,6,6,7)
A7(add#9) (0,7,6,8,10), (0,11,12,10,10), (x,7,6,8,10), (7,11,0,8,10)
A7sus4 (0,2,2,3,5), (0,5,7,5,7), (7,0,0,5,0), (7,0,0,5,5)
A9 (0,7,6,0,5), (0,7,6,8,9)
A9(b5) (x,7,6,0,5), (7,7,6,0,5), (7,5,6,0,7), (7,5,6,0,5)
A7(addb9) (x,7,6,8,8), (7,5,6,5,8), (7,8,6,8,x), (7,11,0,8,8)
A11 (0,7,6,8,0), (0,7,7,8,11), (7,0,6,5,5), (7,5,6,5,0)
A13 (0,5,2,2,4), (0,5,6,7,7), (5,4,2,2,2), (5,2,2,2,4)
Amaj7 (x,7,6,5,6), (x,7,9,9,11), (x,7,6,9,7)
Amaj7(b5) (x,7,6,4,6), (x,7,8,9,11)
Amaj7(#5) (x,7,6,6,6), (x,7,10,9,11)
Amaj9 (x,7,6,0,6), (x,7,6,9,9), (7,7,6,0,6), (7,6,6,0,6)
Amaj13 (x,7,11,9,11)
Am7 (0,7,5,5,5), (0,7,9,8,10)
Am7b5 (0,7,8,8,10), (0,10,12,10,13), (x,7,8,8,10)
Am9 (0,7,5,0,5), (0,7,5,8,9), (7,9,5,5,5)
Am11 (0,7,5,8,0), (0,7,7,8,10), (7,0,5,5,5), (7,0,5,0,5)
Am(maj7) (x,7,5,5,6), (x,7,9,9,10), (7,10,9,9,10)
A(add9) (x,7,6,5,9), (x,9,9,10,11), (7,7,6,0,7)
Am(add9) (x,7,5,5,9), (x,9,9,10,10)
