G (0, 0, 2, 3) f=0012, (5, 6, 6, 8) f=1224, (8, 10, 11, 11) f=1344
G(add9) (2, 0, 2, 3) f=1023, (5, 8, 6, 4) f=2431, (5, 8, 6, 8) f=0314
G11 (3, 4, 4, 8) f=0114, (5, 3, 2, 3) f=4213, (8, 10, 9, 9) f=0211
G13 (0, 2, 2, 1) f=0231, (3, 4, 8, 8) f=0144, (5, 4, 8, 4) f=2141
G5 (0, 0, 5, 3) f=0031, (8, 6, 5, 5) f=2100, (8, 6, 6, 4) f=4231
G6 (0, 0, 2, 0) f=0020, (2, 3, 6, 2) f=0130, (4, 2, 5, 3) f=3142
G7 (0, 0, 2, 1) f=0021, (3, 4, 6, 8) f=0124, (4, 3, 5, 3) f=2131
G7(addb9) (0, 3, 2, 4) f=0213, (1, 3, 2, 3) f=1324, (6, 7, 9, 8) f=0132
G7(add#9) (2, 4, 3, 7) f=0214, (3, 3, 2, 3) f=2314, (7, 9, 9, 8) f=0231
G7(b5) (3, 4, 5, 8) f=0124, (4, 3, 4, 3) f=2131, (7, 6, 9, 8) f=2143
G7sus4 (0, 0, 3, 1) f=0031, (3, 4, 6, 3) f=0120, (5, 3, 5, 3) f=3141
G9 (0, 3, 2, 5) f=0214, (2, 3, 2, 3) f=1324, (7, 8, 9, 8) f=0132
G9(b5) (3, 4, 3, 8) f=0404, (7, 8, 9, 8) f=0444
Gaug (0, 1, 2, 3) f=0123, (4, 1, 2, 3) f=4123, (5, 6, 7, 8) f=0123
Gaug7 (0, 1, 2, 1) f=0121, (3, 4, 7, 8) f=0134, (5, 4, 7, 4) f=3141, (9, 6, 9, 8) f=4444
Gdim (3, 5, 4, 3) f=1321, (4, 6, 5, 7) f=0213, (7, 9, 11, 7) f=1241, (x, 6, 5, 7) f=0444
Gdim7 (3, 2, 4, 3) f=2143, (4, 9, 5, 4) f=0410, (7, 9, 11, 6) f=1240
Gm (0, 0, 1, 3) f=0012, (3, 5, 5, 3) f=1341, (8, 9, 11, 11) f=1244
Gm(add9) (2, 0, 1, 3) f=2013, (4, 8, 6, 4) f=1421, (5, 8, 6, 7) f=0312
Gm(maj7) (0, 0, 1, 2) f=0012, (3, 4, 5, 3) f=1231, (4, 5, 6, 7) f=0123, (6, 6, 10, 7) f=0044
Gm11 (3, 3, 3, 3) f=1111, (3, 4, 4, 7) f=0114, (6, 11, 9, 7) f=0321
Gm6 (0, 0, 1, 0) f=0010, (0, 2, 1, 0) f=0440, (2, 3, 6, 7) f=0134, (3, 2, 5, 3) f=2143
Gm7 (0, 0, 1, 1) f=0011, (3, 3, 5, 3) f=1131, (3, 4, 6, 7) f=0134
Gm7b5 (3, 3, 4, 3) f=1121, (3, 4, 5, 7) f=0124, (7, 6, 9, 7) f=2143
Gm9 (0, 3, 1, 5) f=0214, (4, 8, 4, 4) f=1311, (6, 8, 9, 7) f=0231
Gmaj7 (0, 0, 2, 2) f=0023, (4, 4, 5, 3) f=2341, (4, 5, 6, 8) f=0124
Gmaj9 (0, 4, 2, 5) f=0314, (2, 4, 2, 3) f=1312, (7, 8, 10, 8) f=0131
Gsus2 (0, 0, 0, 3) f=0003, (2, 5, 5, 3) f=1342, (7, 8, 11, 11) f=0133
Gsus4 (0, 0, 3, 3) f=0023, (10, 11, 11, 11) f=0111, (5, 5, 5, 3) f=2341
