Eb (x, 1, 1, 1, 1), (x, 1, 1, 1, 5), (x, 1, 1, 1, x), (x, x, 9, 10, 8)
Eb(add9) (11, 8, 11, 10, 8), (x, 1, 1, 1, 3), (x, 13, 11, 10, 13), (x, x, 9, 8, 5)
Eb13 (8, 11, 9, 10, 8), (8, 8, 9, 10, 11), (9, 10, 13, 13, 13), (9, 13, 13, 13, 10)
Eb5 (x, 1, 4, 1, 1), (x, 1, 4, x, x), (x, x, 9, 6, 8), (x, x, x, 6, 8)
Eb6 (x, 1, 1, 3, 1), (x, 1, 1, 3, 5), (x, 1, 1, 3, x), (x, 1, 4, 3, 5)
Eb7 (x, 1, 1, 4, 1), (x, 1, 4, 4, 5)
Eb7(addb9) (11, 11, 10, 10, x), (11, 11, 13, 13, 14), (x, 13, 10, 10, 11)
Eb7(add#9) (11, 11, 0, 10, 8), (11, 8, 0, 10, 11), (x, 1, 0, 4, 5), (x, 1, 1, 4, 4)
Eb7(b5) (11, 11, 7, 10, 7), (11, 7, 7, 10, 7), (x, 1, 3, 4, 5), (x, 13, 13, 12, 11)
Eb7sus4 (x, 13, 14, 13, 11), (x, x, 9, 11, 11)
Eb9 (11, 11, 11, 10, x)
Eb9(b5) (11, 11, 11, 10, x), (x, 1, 1, 4, 3)
Ebaug (x, 1, 1, 2, 1), (x, 1, 1, 2, 5), (x, 1, 1, 2, x), (x, 1, 5, 2, 5)
Ebaug7 (11, 11, 9, 10, 9), (x, 1, 5, 4, 5), (x, 13, 13, 14, 11), (x, 5, 5, 4, 1)
Ebdim (x, 1, 0, 0, 1)
Ebdim7 (11, 10, 0, 0, 10), (11, 10, 0, 0, 7), (11, 7, 0, 0, 10), (x, 1, 3, 3, 4)
Ebm (x, 1, 0, 1, 1), (x, 1, 0, 1, x)
Ebm(maj7) (11, 8, 0, 9, 0), (11, 8, 8, 9, 8), (x, 1, 0, 1, 0), (x, 1, 4, 5, 4)
Ebm11 (11, 11, 0, 11, 8), (11, 8, 0, 11, 11), (x, 1, 2, 4, 4), (x, 13, 12, 11, 11)
Ebm6 (x, 1, 0, 3, 4), (x, 1, 0, 3, x), (x, 1, 4, 3, 4)
Ebm7 (11, 11, 0, 9, 8), (11, 8, 0, 9, 11), (x, 13, 12, 13, 11)
Ebm7b5 (11, 11, 0, 0, 7), (11, 7, 0, 0, 11)
Ebm9 (11, 11, 0, 8, 8), (11, 8, 12, 8, 11)
Ebmaj7 (x, 1, 1, 1, 0), (x, 1, 1, 5, 0), (x, 1, 1, 5, 1), (x, 1, 4, 5, 5)
Ebmaj9 (11, 12, 11, 10, 0), (11, 8, 11, 10, 0), (x, 1, 1, 5, 3), (x, 13, 11, 10, 12)
Ebsus2 (11, 8, 11, 8, 8), (11, 8, 9, 8, 8), (x, 1, 4, 1, 3), (x, x, 9, 8, 8)
Ebsus4 (11, 8, 9, 11, 8), (x, 1, 2, 1, 1), (x, 1, 2, 1, x), (x, x, 9, 11, 8)
