F# (0, 4, 4, 4, 4), (5, 4, 4, 4, 8), (5, 4, 4, 4, x), (x, x, 0, 4, 8)
F#(add9) (0, 4, 4, 4, 6), (0, 6, 0, 4, 8), (5, 8, 0, 4, 6), (x, 4, 2, 1, 4)
F#11 (0, 4, 4, 2, 2), (5, 9, 7, 7, 8), (9, 11, 0, 7, 9), (9, 9, 0, 7, 11)
F#13 (0, 1, 0, 1, 2), (0, 2, 0, 1, 1), (14, 11, 0, 13, 14), (14, 14, 0, 13, 11)
F#5 (0, 11, 12, x, 11), (5, 4, 7, 4, 4), (x, 4, 7, 4, 4)
F#6 (x, 4, 4, 4, 1), (x, 4, 4, 6, 4), (x, x, 0, 1, 1)
F#7 (0, 4, 4, 4, 2), (5, 4, 4, 7, 4), (x, 4, 0, 1, 2), (x, x, 0, 1, 2)
F#7(addb9) (5, 5, 4, 7, 4), (x, 4, 1, 1, 2), (x, 4, 4, 7, 5)
F#7(add#9) (0, 7, 0, 7, 8), (5, 2, 4, 0, 4)
F#7(b5) (0, 2, 4, 3, 4), (0, 4, 4, 3, 2), (9, 10, 0, 7, 10), (x, 8, 6, 7, 4)
F#7sus4 (5, 2, 0, 2, 2), (5, 4, 0, 2, 2), (x, 4, 0, 2, 2), (x, x, 0, 2, 2)
F#9 (0, 6, 0, 7, 8), (x, 4, 2, 1, 2), (x, 8, 0, 7, 6)
F#9(b5) (x, 4, 2, 1, 2), (x, 4, 4, 7, 6), (x, 8, 0, 7, 6)
F#aug (0, 4, 4, 5, 0), (5, 0, 0, 1, 0), (5, 4, 4, 5, 4)
F#aug7 (5, 0, 0, 1, 2), (5, 0, 4, 5, 2), (5, 2, 0, 1, 0), (x, 4, 4, 5, 2)
F#dim (0, 4, 3, 3, 4), (5, 4, 6, 0, 4), (x, 4, 6, 0, 4), (x, 4, 6, 0, 7)
F#dim7 (0, 4, 3, 3, 1), (0, 4, 6, 6, 7), (11, 13, 0, 0, 10), (x, 10, 9, 9, 7)
F#m (0, 4, 3, 4, 4), (x, 4, 0, 4, 7), (x, 4, 7, 0, 7), (x, x, 0, 4, 7)
F#m(add9) (0, 4, 3, 4, 6), (0, 4, 7, 0, 6)
F#m(maj7) (0, 3, 3, 4, 4), (0, 4, 3, 4, 3), (5, 4, 3, 4, 3), (x, 4, 7, 0, 3)
F#m11 (5, 2, 3, 2, 2), (5, 2, 5, 0, 4), (x, 4, 3, 2, 2), (x, 4, 5, 0, 2)
F#m6 (x, 4, 0, 0, 1), (x, 4, 3, 0, 1)
F#m7 (0, 2, 3, 4, 4), (0, 4, 3, 4, 2), (5, 7, 7, 7, 7), (x, 4, 7, 7, 7)
F#m7b5 (5, 2, 3, 3, 2), (8, 10, 0, 7, 7), (x, 4, 3, 3, 2), (x, 7, 6, 7, 4)
F#m9 (0, 2, 2, 0, 4), (0, 4, 2, 0, 2), (7, 11, 0, 7, 7), (7, 7, 0, 7, 11)
F#maj13 (0, 1, 0, 1, 3), (0, 3, 0, 1, 1)
F#maj7 (5, 3, 4, 4, 3), (x, 4, 0, 1, 3), (x, x, 0, 1, 3)
F#maj7(b5) (0, 4, 4, 3, 3), (0, 8, 11, 9, 10)
F#maj7(-sharp5) (0, 4, 4, 5, 3), (0, 8, 11, 9, 0)
F#maj9 (x, 4, 2, 1, 3), (x, 4, 4, 8, 6), (x, 6, 0, 8, 8), (x, 8, 0, 8, 6)
F#sus2 (0, 6, 0, 4, 4), (5, 6, 0, 4, 4), (x, 4, 0, 4, 6)
F#sus4 (5, 4, 5, 4, x), (5, 9, 7, 9, 9), (x, 4, 5, 4, 4), (x, 4, 5, 4, x)
