A (5, 2, 3, 4, 2), (5, 7, 7, 7, 7), (x, 7, 7, 7, 7), (x, x, 3, 4, 2)
A(add9) (5, 2, 5, 4, 2), (x, 7, 5, 4, 7), (x, 7, 7, 0, 9), (x, 7, 7, 7, 9)
A11 (5, 0, 1, 4, 2), (5, 0, 7, 7, 5), (5, 2, 1, 4, 0), (5, 5, 7, 7, 0)
A13 (5, 5, 0, 4, 2), (9, 5, 0, 7, 7)
A5 (5, 2, 3, 0, 2), (x, x, 3, 0, 2), (x, x, 3, 7, 7), (x, x, x, 0, 2)
A6 (5, 2, 0, 4, 2), (5, 2, 0, 4, 4), (5, 4, 0, 4, 4), (x, x, 3, 4, 4)
A7 (x, 7, 7, 0, 5), (x, 7, 7, 7, 5), (x, x, 3, 4, 5), (x, x, 7, 0, 5)
A7(addb9) (5, 5, 4, 4, x), (x, 7, 4, 4, 5), (x, 7, 7, 10, 8), (x, 8, 7, 0, 5)
A7(add#9) (5, 5, 6, 4, x), (x, 7, 6, 4, 5), (x, 7, 7, 10, 10), (x, 7, 7, 3, 5)
A7(b5) (5, 1, 1, 4, 1), (5, 5, 7, 6, 5), (5, 7, 7, 6, 5), (x, 7, 7, 6, 5)
A7sus4 (5, 0, 3, 0, 5), (5, 0, 3, 5, 5), (5, 5, 3, 0, 0), (x, x, 3, 5, 5)
A9 (5, 5, 5, 4, x), (x, 7, 5, 4, 5), (x, 7, 7, 10, 9), (x, 9, 7, 0, 5)
A9(b5) (5, 5, 5, 4, x), (x, 7, 5, 4, 5), (x, 7, 7, 10, 9), (x, 9, 7, 0, 5)
Aaug (5, 3, 3, 4, 3), (5, 7, 7, 0, 3), (x, 7, 7, 8, 7), (x, x, 3, 4, 3)
Aaug7 (5, 5, 3, 4, 3), (9, 7, 11, 10, 7), (x, 11, 11, 10, 7), (x, 7, 7, 8, 5)
Adim (5, 1, 3, 3, 1), (5, 7, 6, 6, 7), (x, 7, 6, 6, 7), (x, x, 3, 3, 1)
Adim7 (5, 4, 6, 6, 4), (8, 7, 0, 6, 4), (8, 7, 0, 6, 7)
Am (5, 2, 3, 3, 2), (5, 7, 6, 7, 7), (x, 7, 6, 7, 7), (x, x, 3, 3, 2)
Am(maj7) (5, 2, 2, 3, 2), (5, 6, 6, 7, 6), (5, 7, 6, 7, 6), (x, 7, 6, 7, 6)
Am11 (5, 0, 3, 3, 5)
Am6 (5, 2, 0, 3, 2), (5, 2, 0, 3, 4), (5, 4, 0, 3, 4), (x, x, 3, 3, 4)
Am7 (5, 2, 6, 0, 5), (5, 5, 6, 7, 5), (5, 7, 6, 7, 5)
Am7b5 (5, 1, 1, 3, 1), (5, 5, 6, 6, 5), (5, 7, 6, 6, 5), (x, 7, 6, 6, 5)
Am9 (5, 2, 6, 2, 5), (5, 5, 6, 7, 9), (5, 9, 6, 7, 5), (7, 7, 10, 10, 10)
Amaj7 (5, 2, 2, 4, 2), (x, 7, 7, 0, 6), (x, 7, 7, 7, 6), (x, x, 3, 4, 6)
Amaj9 (5, 6, 5, 4, x), (x, 7, 5, 4, 6), (x, 7, 7, 11, 9), (x, 9, 7, 0, 6)
Asus2 (5, 2, 3, 2, 2), (x, 7, 5, 7, 7), (x, x, 3, 2, 2), (x, x, 5, 0, 2)
Asus4 (5, 0, 3, 0, 2), (5, 0, 3, 5, 2), (5, 2, 3, 0, 0), (x, x, 3, 5, 2)
