C# (11, 11, 10, 8, x), (x, 3, 1, 1, 3), (x, 3, 1, 1, x), (x, x, 1, 1, 3)
C#(add9) (x, 1, 1, 1, 3), (x, 11, 10, 13, 13), (x, 3, 1, 1, 1), (x, x, 10, 13, 13)
C#13 (11, 8, 10, 8, 9), (8, 11, 10, 8, 9), (8, 9, 10, 8, 11), (9, 8, 10, 8, 11)
C#5 (11, 11, 13, 13, 11), (x, 11, 13, 13, 11), (x, x, 1, 1, x), (x, x, 13, 13, 11)
C#6 (11, 8, 10, 8, 8), (x, 3, 3, 1, 3), (x, 3, 3, 1, x), (x, x, 3, 1, 3)
C#7 (x, x, 4, 1, 3)
C#7(addb9) (11, 0, 10, 11, 9), (11, 0, 10, 8, 9), (x, 0, 4, 1, 3)
C#7(add#9) (11, 14, 10, 11, x), (11, 15, 13, 11, 14), (x, 2, 4, 1, 3), (x, 3, 4, 1, 2)
C#7(b5) (x, 3, 4, 1, 5), (x, 5, 4, 1, 3)
C#7sus4 (11, 9, 11, 11, 9), (x, 4, 4, 1, 4), (x, 4, 4, 1, x), (x, x, 4, 1, 4)
C#9 (11, 13, 10, 11, x), (x, 1, 4, 1, 3), (x, 13, 10, 13, 9), (x, 3, 4, 1, 1)
C#9(b5) (11, 13, 0, 11, 15), (x, 1, 4, 1, 3), (x, 13, 10, 13, 9), (x, 3, 4, 1, 1)
C#aug (11, 7, 10, 9, 7), (x, 3, 2, 1, 3), (x, 3, 2, 1, x)
C#aug7 (11, 7, 10, 11, 7), (11, 9, 10, 9, 11), (x, 9, 6, 5, 7)
C#dim (x, 2, 0, 1, 2), (x, 2, 0, 1, 5), (x, 2, 0, 1, x), (x, x, 0, 1, 2)
C#dim7 (11, 14, 0, 10, 11), (x, 2, 3, 1, 5), (x, 5, 3, 1, 2), (x, 8, 6, 4, 5)
C#m (11, 11, 9, 8, x), (x, 2, 1, 1, 2), (x, 2, 1, 1, x)
C#m(maj7) (11, 10, 9, 8, x), (11, 14, 13, 12, 11), (11, 14, 13, 12, 14), (x, 14, 13, 13, 10)
C#m11 (11, 13, 11, 11, 14), (11, 14, 11, 11, 11), (x, 2, 4, 1, 4), (x, 4, 4, 1, 2)
C#m6 (11, 8, 9, 8, 8), (x, 2, 3, 1, 2), (x, 2, 3, 1, x), (x, x, 3, 1, 2)
C#m7 (11, 11, 13, 11, 14), (11, 14, 13, 11, 11), (11, 14, 13, 11, 14), (11, 9, 9, 8, x)
C#m7b5 (14, 11, 0, 11, 14), (14, 11, 12, 11, 11), (x, 2, 4, 1, 5), (x, 5, 4, 1, 2)
C#m9 (11, 13, 13, 11, 14), (11, 14, 13, 11, 13), (13, 11, 13, 11, 14), (14, 11, 13, 11, 13)
C#maj7 (11, 10, 10, 12, 10), (11, 11, 10, 12, 10), (x, 3, 5, 1, 3), (x, x, 5, 1, 3)
C#maj9 (11, 13, 10, 12, 10), (11, 13, 10, 13, 10), (x, 1, 5, 1, 3), (x, 3, 5, 1, 1)
C#sus2 (x, 1, 1, 1, 1), (x, 1, 1, 1, x), (x, 11, 13, 13, 13), (x, x, 1, 1, 1)
C#sus4 (11, 11, 11, 8, x), (x, 4, 1, 1, 4), (x, 4, 1, 1, x), (x, x, 1, 1, 4)
