E (x, 4, 4, 4, 6), (x, 4, 4, 8, 6), (x, x, 4, 4, 6)
E(add9) (x, 4, 1, 4, 4), (x, 4, 4, 6, 6), (x, 6, 4, 4, 6), (x, x, 1, 4, 4)
E11 (7, 11, 9, 8, 0), (7, 4, 4, 8, 0), (7, 8, 4, 4, 0), (7, 8, 9, 11, 0)
E13 (11, 11, 9, 8, 0), (14, 11, 13, 14, 11)
E5 (x, 4, 4, 4, 2), (x, 4, 4, 4, x), (x, 4, 4, x, x), (x, x, 4, 4, 2)
E6 (x, 4, 6, 4, 6), (x, 4, 6, 8, 6), (x, 8, 6, 4, 6), (x, x, 6, 4, 6)
E7 (x, 4, 1, 4, 0), (x, x, 1, 4, 0), (x, x, 7, 4, 6)
E7(addb9) (x, 4, 1, 5, 0), (x, 5, 1, 4, 0), (x, 5, 7, 4, 6)
E7(add#9) (x, 4, 0, 8, 0), (x, 7, 7, 4, 6), (x, 8, 0, 4, 0)
E7(b5) (6, 2, 3, 4, 0), (6, 4, 3, 2, 0), (6, 4, 3, 4, 0), (x, 4, 7, 8, 8)
E7sus4 (x, 4, 2, 4, 0), (x, 4, 7, 4, 7), (x, x, 2, 4, 0), (x, x, 7, 4, 7)
E9 (x, 4, 7, 8, 4), (x, 6, 7, 4, 6), (x, 8, 7, 4, 4)
E9(b5) (x, 4, 7, 8, 4), (x, 6, 7, 4, 6), (x, 8, 7, 4, 4)
Eaug (x, 4, 5, 4, 6), (x, 4, 5, 8, 6), (x, 8, 5, 4, 6), (x, x, 5, 4, 6)
Eaug7 (6, 4, 5, 0, 0), (x, 8, 5, 4, 0)
Edim (x, 4, 0, 4, 8), (x, 4, 0, 7, 8), (x, 4, 3, 4, 5), (x, x, 3, 4, 5)
Edim7 (14, 10, 0, 13, 14), (8, 4, 6, 4, 5), (x, 4, 6, 7, 8), (x, 7, 6, 4, 8)
Em (x, 4, 4, 4, 5), (x, 4, 4, 7, 5), (x, x, 4, 4, 5)
Em(maj7) (14, 11, 0, 11, 13), (14, 11, 0, 15, 13), (14, 11, 0, 15, 14)
Em11 (x, 4, 7, 7, 7), (x, 7, 7, 4, 7)
Em6 (x, x, 6, 4, 5)
Em7 (14, 11, 0, 11, 0), (14, 14, 0, 11, 0), (x, 4, 4, 7, 0), (x, 7, 4, 4, 0)
Em7b5 (5, 4, 3, 2, 0), (5, 4, 3, 4, 0), (8, 4, 0, 4, 0), (x, 4, 3, 7, 0)
Em9 (5, 4, 4, 6, 0)
Emaj7 (x, 4, 1, 4, 1), (x, x, 8, 4, 6)
Emaj9 (x, 4, 8, 8, 4)
Esus2 (x, 4, 4, 4, 4), (x, 4, 4, 6, 4), (x, 6, 4, 4, 4), (x, x, 4, 4, 4)
Esus4 (14, 11, 14, 11, 14), (14, 11, 14, x, x), (x, 4, 4, 4, 7), (x, x, 4, 4, 7)
