C (0, 2, 3, 0) f=0120, (0, 2, 3, 3) f=0123, (5, 5, 3, 0) f=4440, (6, 6, 8, 9) f=1134
C(add9) (0, 0, 3, 0) f=0020, (5, 2, 5, 3) f=3142, (6, 6, 8, 5) f=1120
C11 (3, 2, 3, 1) f=3241, (3, 3, 3, 0) f=2340, (6, 4, 8, 7) f=2143
C13 (10, 9, 13, 9) f=2141, (3, 2, 3, 5) f=2134, (6, 9, 8, 6) f=1431
C5 (0, 5, 3, 3) f=0311, (5, 5, 3, 3) f=3411, (6, 6, 5, 9) f=1103
C6 (0, 2, 3, 5) f=0124, (2, 2, 3, 3) f=1123, (5, 2, 0, 0) f=4400, (6, 6, 8, 6) f=1131
C7 (2, 3, 4, 7) f=0124, (3, 2, 3, 3) f=2134, (6, 6, 8, 7) f=1132
C7(addb9) (6, 3, 5, 7) f=3124, (6, 9, 5, 4) f=2410, (6, 9, 8, 10) f=1324, (7, 3, 4, 7) f=4444
C7(add#9) (3, 1, 3, 0) f=3140, (5, 1, 1, 0) f=4110, (6, 3, 7, 7) f=3144, (6, 9, 7, 5) f=4440
C7(b5) (3, 2, 3, 2) f=2131, (3, 4, 3, 0) f=1320, (5, 4, 1, 0) f=4440, (6, 5, 8, 7) f=2143
C7sus4 (3, 3, 3, 3) f=1111, (3, 4, 4, 7) f=0114, (6, 6, 9, 7) f=1142
C9 (3, 0, 3, 0) f=2030, (5, 0, 1, 0) f=4010, (6, 9, 8, 5) f=1320
Caug (1, 2, 3, 0) f=1230, (1, 2, 3, 4) f=1234, (6, 7, 8, 9) f=1234
Caug7 (3, 2, 3, 4) f=2134, (4, 7, 8, 3) f=1230, (6, 7, 8, 7) f=1243
Cdim (5, 1, 3, 2) f=4132, (6, 5, 7, 9) f=2134, (9, 11, 10, 9) f=1321
Cdim7 (2, 1, 3, 2) f=2143, (5, 1, 0, 2) f=4102, (6, 5, 7, 6) f=2143, (9, 5, 4, 9) f=4404
Cm (0, 1, 3, 3) f=0134, (6, 6, 7, 4) f=2341, (6, 6, 7, 9) f=1124
Cm(add9) (5, 1, 5, 3) f=3142, (6, 6, 7, 5) f=1120, (9, 6, 6, 9) f=3114
Cm(maj7) (4, 1, 2, 3) f=4123, (4, 1, 3, 3) f=4123, (5, 1, 2, 3) f=4444, (6, 6, 7, 8) f=1123
Cm11 (3, 1, 3, 1) f=3141, (6, 4, 7, 7) f=2134, (9, 9, 9, 9) f=1111
Cm6 (0, 1, 3, 5) f=0124, (2, 1, 3, 3) f=2134, (5, 1, 0, 5) f=4404, (6, 6, 7, 6) f=1121
Cm7 (0, 1, 3, 0) f=0120, (3, 1, 3, 3) f=2134, (6, 6, 7, 7) f=1123
Cm7b5 (3, 1, 3, 2) f=3142, (4, 5, 7, 3) f=1230, (6, 5, 7, 7) f=2134
Cm9 (5, 1, 5, 0) f=2130, (6, 5, 7, 7) f=2034, (8, 9, 7, 9) f=2314
Cmaj7 (4, 2, 3, 3) f=4123, (5, 2, 2, 3) f=4112, (6, 6, 8, 8) f=1134
Cmaj9 (4, 0, 3, 0) f=3020, (6, 3, 6, 2) f=2130, (8, 10, 8, 9) f=1312
Csus2 (0, 0, 3, 3) f=0023, (5, 5, 5, 3) f=2341, (6, 6, 6, 9) f=1114
Csus4 (0, 3, 3, 1) f=0341, (0, 3, 3, 3) f=0111, (5, 3, 3, 3) f=4444, (6, 6, 9, 9) f=1134
