C (x, 0, 0, 4, 2)
C(add9) (x, 0, 0, 2, 2), (x, 0, 0, 4, 0), (x, 2, 0, 0, 2), (x, 4, 0, 0, 0)
C11 (5, 0, 3, 4, 3), (5, 0, 3, 5, 2), (5, 4, 3, 0, 3), (5, 5, 3, 0, 2)
C13 (10, 7, 9, 10, 7), (5, 0, 3, 4, 7), (5, 4, 3, 0, 7), (5, 9, 9, 0, 8)
C5 (x, 0, 0, 0, 5), (x, 0, 5, 0, 5), (x, x, x, 0, 5)
C6 (x, 0, 2, 0, 2), (x, 4, 2, 0, 2)
C7 (x, 0, 3, 0, 2), (x, 0, 3, 4, 2), (x, x, 3, 0, 2)
C7(addb9) (x, 0, 3, 1, 2), (x, 0, 6, 4, 8), (x, 1, 3, 0, 2), (x, 4, 6, 0, 8)
C7(add#9) (x, 0, 3, 3, 2), (x, 0, 3, 4, 1), (x, 3, 3, 0, 2), (x, 4, 3, 0, 1)
C7(b5) (x, 0, 3, 4, 4), (x, 0, 9, 6, 8), (x, 4, 3, 0, 4), (x, 6, 5, 4, 8)
C7sus4 (x, 0, 3, 0, 3), (x, 0, 3, 5, 3), (x, 0, 3, 5, 5), (x, x, 3, 0, 3)
C9 (x, 4, 3, 0, 0)
C9(b5) (x, 0, 3, 2, 2), (x, 0, 3, 4, 0), (x, 2, 3, 0, 2), (x, 4, 3, 0, 0)
Caug (x, 0, 1, 4, 2), (x, 0, 5, 4, 6)
Caug7 (x, 0, 3, 4, 6)
Cdim (x, 0, 5, 3, 4), (x, 0, 8, 0, 4), (x, 0, 8, 6, 4), (x, 3, 5, 0, 4)
Cdim7 (x, 0, 2, 3, 4), (x, 0, 8, 6, 7), (x, 3, 2, 0, 4), (x, 6, 5, 3, 7)
Cm (x, 0, 0, 0, 1), (x, 0, 0, 3, 1), (x, x, 0, 0, 1)
Cm(maj7) (x, 0, 4, 3, 5)
Cm11 (x, 0, 3, 3, 3), (x, 0, 3, 5, 1), (x, 0, 8, 5, 8), (x, 3, 3, 0, 3)
Cm7 (x, 0, 3, 3, 5), (x, 0, 8, 7, 8), (x, 3, 3, 0, 5), (x, 7, 8, 0, 8)
Cm7b5 (13, 10, 11, 10, 10)
Cm9 (13, 10, 0, 0, 0)
Cmaj7 (x, 0, 4, 0, 2), (x, 0, 4, 4, 2), (x, x, 4, 0, 2)
Cmaj9 (x, 0, 4, 2, 2), (x, 0, 4, 4, 0), (x, 2, 4, 0, 2), (x, 4, 4, 0, 0)
Csus2 (x, 0, 0, 0, 0), (x, 0, 0, 2, 0), (x, 2, 0, 0, 0), (x, x, 0, 0, 0)
Csus4 (x, 0, 0, 5, 3), (x, 0, 0, 5, 5), (x, x, 0, 0, 3)
