A (2, 2, 4, 5) f=1134, (7, 3, 2, 2) f=4100, (7, 8, 8, 6) f=2341
A(add9) (3, 3, 5, 2) f=1120, (4, 2, 4, 5) f=2134, (7, 8, 8, 8) f=1222
A11 (2, 0, 4, 3) f=1032, (7, 6, 6, 6) f=2111, (8, 6, 5, 10) f=2104
A13 (0, 4, 4, 5) f=0123, (2, 4, 4, 3) f=1342, (7, 6, 2, 3) f=4301
A5 (10, 8, 7, 7) f=2100, (2, 2, 0, 0) f=2300, (x, 8, 8, 6) f=0231, (x, x, 0, 0) f=0000
A6 (10, 8, 10, 10) f=2134, (2, 2, 4, 2) f=1131, (7, 5, 4, 4) f=3100
A7 (0, 2, 4, 5) f=0134, (2, 2, 4, 3) f=1132, (2, 5, 4, 0) f=1430, (2, 5, 4, 3) f=4444
A7(addb9) (3, 5, 4, 5) f=1324, (3, 6, 5, 7) f=1324, (7, 8, 11, 7) f=1241
A7(add#9) (13, 11, 13, 10) f=3241, (5, 5, 4, 5) f=2314, (7, 6, 4, 6) f=4213
A7(b5) (0, 1, 4, 5) f=0134, (15, 12, 11, 12) f=4444, (2, 1, 4, 3) f=2143, (7, 6, 7, 6) f=2131
A7sus4 (0, 2, 5, 5) f=0144, (2, 2, 5, 3) f=1142, (2, 5, 5, 0) f=1340
A9 (13, 10, 13, 10) f=3141, (3, 6, 5, 2) f=1320, (4, 5, 4, 5) f=1324
A9(b5) (5, 8, 5, 4) f=4444, (7, 6, 5, 8) f=4404
Aaug (2, 3, 4, 5) f=1234, (7, 8, 9, 10) f=1234, (7, 8, 9, 6) f=2341
Aaug7 (0, 3, 4, 5) f=0123, (2, 3, 4, 3) f=1243, (2, 5, 4, 1) f=4444, (7, 6, 9, 6) f=2141
Adim (2, 1, 3, 5) f=2134, (6, 8, 7, 6) f=1321, (9, 8, 7, 9) f=3214
Adim7 (2, 1, 3, 2) f=2143, (5, 1, 0, 2) f=4102, (6, 5, 7, 6) f=2143, (9, 8, 10, 9) f=4444
Am (2, 2, 3, 5) f=1124, (5, 2, 0, 0) f=3100, (6, 8, 8, 6) f=1341
Am(add9) (3, 3, 4, 2) f=1120, (4, 2, 3, 5) f=3124, (6, 8, 8, 8) f=1333
Am(maj7) (2, 2, 3, 4) f=1123, (6, 7, 5, 5) f=2300, (6, 7, 8, 6) f=1231
Am11 (2, 0, 3, 3) f=4044, (5, 0, 0, 3) f=3001, (5, 5, 5, 5) f=1111, (8, 8, 11, 9) f=1142
Am6 (10, 8, 10, 9) f=3142, (2, 2, 3, 2) f=1121, (2, 4, 3, 0) f=4440, (5, 4, 0, 0) f=2100
Am7 (2, 2, 3, 3) f=1123, (5, 5, 0, 0) f=2300, (6, 6, 8, 6) f=1131
Am7b5 (15, 11, 11, 12) f=4444, (2, 1, 3, 3) f=2134, (6, 6, 7, 6) f=1121, (9, 8, 11, 9) f=2143
Am9 (13, 10, 8, 9) f=4201, (4, 5, 3, 5) f=2314, (5, 5, 2, 5) f=2314
Amaj7 (2, 2, 4, 4) f=1134, (3, 7, 5, 2) f=1420, (7, 7, 6, 6) f=2300, (x, 8, 5, 5) f=0444
Amaj9 (3, 7, 5, 2) f=1320, (5, 7, 5, 6) f=1312, (5, 8, 5, 5) f=1411, (7, 7, 6, 8) f=4404
Asus2 (10, 8, 8, 8) f=3111, (2, 2, 2, 0) f=1230, (2, 2, 2, 5) f=1114, (x, 8, 8, 8) f=0444
Asus4 (2, 0, 0, 0) f=1000, (2, 2, 5, 5) f=1144, (8, 8, 8, 6) f=2341, (x, 8, 6, 5) f=0440
