B(add9) (x, 11, 8, 11, 11), (x, 11, 8, 11, 9), (x, x, 8, 11, 11)
B13 (6, 7, 8, 6, 9), (7, 6, 8, 6, 9)
B5 (9, 9, 11, 11, 9), (9, 9, 11, x, x), (x, x, 11, 11, 9)
B6 (9, 6, 8, 6, 9), (9, 6, 8, 8, 6)
B7 (9, 7, 8, 9, 7), (9, 7, 8, x, x), (x, 9, 8, 11, 7), (x, x, 8, 11, 7)
B7(addb9) (9, 7, 8, 0, 10), (9, 7, 8, 0, 7), (9, 7, 8, 0, 9), (9, 9, 8, 0, 7)
B7(add#9) (9, 0, 8, 9, 7), (9, 7, 8, 6, 0)
B7(b5) (9, 7, 8, 5, x), (x, 3, 4, 3, 7), (x, 7, 4, 3, 3)
B7sus4 (9, 7, 9, 9, 7), (9, 7, 9, x, x), (9, 9, 9, 9, 9)
B9 (x, 11, 8, 11, 7), (x, 13, 14, 11, 11)
B9(b5) (9, 11, 8, 9, x), (9, 13, 10, 9, 11), (x, 13, 14, 11, 11)
Baug (9, 5, 8, 7, 5), (9, 5, 8, 7, x), (9, 5, 8, x, x), (9, 9, 8, 7, x)
Baug7 (9, 5, 8, 9, 5), (9, 7, 8, 7, 7), (9, 7, 8, 7, 9)
Bdim (9, 0, 7, 5, 0), (9, 0, 7, 5, 9), (9, 9, 7, 5, 0), (x, 9, 10, 11, 0)
Bdim7 (9, 0, 10, 8, 0), (9, 0, 10, 8, 9), (9, 0, 7, 5, 6), (9, 9, 10, 8, 0)
Bm (9, 0, 7, 6, 0), (9, 0, 7, 6, 9), (9, 9, 7, 6, 0), (x, 9, 11, 11, 0)
Bm(maj7) (9, 0, 11, 11, 8), (9, 0, 7, 6, 8), (9, 8, 11, 10, 0), (9, 8, 7, 6, 0)
Bm11 (9, 0, 9, 6, 7), (9, 0, 9, 9, 7), (9, 7, 9, 6, 0), (9, 7, 9, 9, 0)
Bm6 (9, 0, 7, 8, 0), (9, 0, 7, 8, 6), (9, 0, 7, 8, 9), (9, 9, 7, 8, 0)
Bm7 (9, 0, 11, 9, 0), (9, 0, 7, 6, 7), (9, 7, 7, 6, 0), (9, 9, 11, 9, 0)
Bm7b5 (9, 0, 10, 9, 7), (9, 7, 10, 9, 0), (x, 0, 10, 9, 9), (x, 0, 4, 5, 7)
Bm9 (9, 0, 11, 9, 11), (9, 0, 6, 6, 7), (9, 11, 11, 9, 0), (9, 7, 6, 6, 0)
Bmaj7 (9, 8, 8, 10, 8), (9, 9, 8, 11, 8), (x, 9, 8, 11, 8)
Bmaj9 (9, 11, 8, 10, 8), (9, 11, 8, 10, x), (9, 11, 8, 11, 8), (x, 11, 8, 11, 8)
Bsus2 (9, 9, 11, 11, 11), (9, 9, 6, 6, x), (x, 11, 11, 11, 9), (x, 9, 11, 11, 11)
Bsus4 (9, 9, 9, 6, x), (x, 14, 11, 11, 14), (x, 14, 11, 11, x), (x, x, 11, 11, 14)
