Ab (6, 0, 5, 3, 6), (6, 0, 8, 0, 6), (6, 3, 5, 0, 6), (6, 8, 8, 0, 6)
Ab(add9) (6, 0, 3, 0, 6), (6, 0, 3, 3, 6), (6, 0, 5, 0, 8), (6, 3, 3, 0, 6)
Ab11 (6, 0, 6, 3, 4), (6, 3, 6, 0, 4)
Ab13 (6, 0, 8, 5, 4), (6, 3, 5, 6, 3), (6, 5, 8, 0, 4)
Ab5 (6, 3, x, x, x), (6, 8, 8, 8, 6), (x, 8, 8, 8, 6), (x, x, 8, 8, 6)
Ab6 (6, 0, 5, 0, 3), (6, 0, 5, 5, 6), (6, 3, 5, 0, 3), (6, 5, 5, 0, 6)
Ab7 (6, 0, 5, 0, 4), (6, 0, 5, 6, 4), (6, 6, 5, 0, 4), (6, 6, 5, 0, 6)
Ab7(addb9) (6, 0, 5, 6, 7), (6, 6, 5, 0, 7)
Ab7(add#9) (6, 0, 4, 0, 4), (6, 0, 4, 6, 4), (6, 0, 4, 6, 6), (6, 6, 4, 0, 4)
Ab7(b5) (6, 0, 5, 6, 0), (6, 0, 7, 0, 4), (6, 6, 5, 0, 0), (6, 6, 5, 6, 0)
Ab7sus4 (6, 3, 6, 3, 4), (6, 6, 6, 6, 6), (6, 6, 6, 8, 6), (6, 8, 6, 6, 6)
Ab9 (6, 0, 3, 0, 4), (6, 3, 3, 0, 4)
Ab9(b5) (6, 0, 3, 0, 4), (6, 0, 3, 6, 0), (6, 0, 3, 6, 6), (6, 6, 3, 0, 0)
Abaug (6, 0, 5, 0, 2), (6, 0, 5, 4, 6), (6, 4, 5, 0, 2), (6, 4, 5, 0, 6)
Abaug7 (6, 0, 5, 4, 4), (6, 4, 5, 0, 4)
Abdim (6, 2, 4, 2, 0), (6, 8, 4, 8, 0), (x, 8, 4, 8, 0), (x, 8, 7, 8, 9)
Abdim7 (6, 2, 4, 5, 0), (6, 5, 4, 2, 0), (6, 5, 4, 5, 0), (6, 8, 4, 5, 0)
Abm (6, 3, 4, 3, 6), (6, 3, 4, x, x), (x, x, 8, 8, 9)
Abm(maj7) (6, 3, 4, 3, 5), (6, 7, 8, 7, 9)
Abm11 (6, 6, 6, 8, 9), (6, 8, 6, 6, 9), (x, 8, 11, 11, 11)
Abm6 (6, 3, 4, 3, 3), (6, 3, 4, 5, 3), (6, 5, 4, 5, x), (6, 5, 4, x, x)
Abm7b5 (6, 2, 4, 6, 0), (6, 6, 4, 2, 0), (6, 8, 4, 6, 0)
Abmaj7 (6, 0, 0, 0, 5), (6, 0, 0, 3, 5), (6, 0, 0, 3, 6), (6, 3, 0, 0, 6)
Abmaj9 (6, 0, 0, 0, 8), (6, 0, 3, 3, 5)
Absus4 (6, 3, 6, 3, 6), (6, 3, 6, x, x), (x, 8, 8, 8, 11)
