Eb (x, 3, 3, 7, 5), (x, 7, 3, 3, 5), (x, x, 3, 3, 5)
Eb(add9) (x, 3, 0, 5, 3), (x, 3, 0, 5, 5)
Eb13 (13, 10, 0, 12, 11), (13, 10, 0, 13, 10), (13, 12, 0, 10, 11), (13, 13, 0, 10, 10)
Eb5 (x, 3, 3, x, x), (x, x, 3, 3, 1)
Eb6 (x, 3, 5, 3, 5), (x, 3, 5, 7, 5), (x, 7, 5, 3, 5), (x, x, 5, 3, 5)
Eb7 (x, 3, 6, 7, 5), (x, 7, 6, 3, 5)
Eb7(addb9) (13, 10, 0, 13, 14), (13, 13, 0, 10, 14), (x, 3, 6, 4, 5), (x, 4, 6, 3, 5)
Eb7(add#9) (x, 3, 6, 6, 5), (x, 3, 6, 7, 4), (x, 6, 6, 3, 5), (x, 7, 6, 3, 4)
Eb7(b5) (13, 9, 0, 13, 11), (x, 3, 6, 7, 7)
Eb7sus4 (13, 10, 13, 10, 11), (x, 15, 13, 15, 11), (x, 3, 6, 3, 6), (x, x, 6, 3, 6)
Eb9 (x, 3, 6, 7, 3), (x, 7, 6, 3, 3)
Eb9(b5) (x, 3, 6, 5, 5)
Ebaug (x, 3, 4, 3, 5), (x, 3, 4, 7, 5), (x, x, 4, 3, 5)
Ebaug7 (13, 11, 0, 13, 11), (13, 11, 0, 13, 13), (13, 11, 0, 13, 9), (13, 11, 12, 11, 11)
Ebdim (x, 6, 2, 3, 4)
Ebdim7 (13, 9, 11, 9, 10), (x, 3, 5, 6, 7), (x, 6, 5, 3, 7), (x, 9, 8, 6, 10)
Ebm (x, 3, 3, 3, 4), (x, 3, 3, 6, 4), (x, 6, 3, 3, 4), (x, x, 3, 3, 4)
Ebm(maj7) (13, 10, 11, 10, 0), (13, 14, 11, 10, 0), (x, 3, 3, 6, 0), (x, 6, 3, 3, 0)
Ebm11 (6, 3, 6, 6, 3), (x, 3, 6, 6, 6), (x, 6, 6, 3, 6)
Ebm6 (x, x, 5, 3, 4)
Ebm7 (13, 10, 11, 10, 11), (13, 13, 11, 10, x), (x, 13, 11, 10, 13)
Ebm7b5 (x, 3, 6, 6, 7), (x, 6, 6, 3, 7)
Ebmaj7 (x, 3, 0, 7, 0), (x, 3, 3, 7, 0)
Ebmaj9 (x, 3, 0, 5, 0), (x, 3, 7, 5, 5)
Ebsus2 (x, 3, 3, 3, 3), (x, x, 3, 3, 3)
Ebsus4 (13, 10, 13, x, x), (x, x, 3, 3, 6)
