Ab (7, 6, 6, 6, 6), (x, 6, 6, 6, 6), (x, x, 2, 3, 1)
Ab(add9) (7, 6, 6, 6, 8), (7, 8, 6, 6, 6), (x, 10, 9, 11, 8), (x, 6, 6, 6, 8)
Ab11 (0, 11, 12, 11, 10), (0, 6, 6, 4, 4), (7, 10, 9, 9, 11), (7, 11, 9, 9, 10)
Ab13 (0, 3, 2, 3, 4), (0, 4, 2, 3, 3), (11, 13, 0, 11, 15), (11, 15, 0, 11, 13)
Ab5 (7, 6, 9, 6, 6), (x, 1, 2, x, 1), (x, 6, x, 6, 6), (x, x, 2, 6, 6)
Ab6 (x, 1, 2, 3, 3), (x, 6, 6, 6, 3), (x, x, 2, 3, 3)
Ab7 (0, 1, 2, 3, 4), (0, 6, 6, 6, 4), (x, 6, 6, 6, 4)
Ab7(addb9) (7, 6, 6, 0, 4), (7, 7, 6, 0, 4), (x, 6, 3, 3, 4), (x, 6, 6, 0, 4)
Ab7(add#9) (0, 6, 5, 3, 4), (0, 6, 6, 9, 9), (x, 6, 5, 3, 4), (x, 6, 6, 9, 9)
Ab7(b5) (0, 4, 6, 5, 6), (0, 6, 6, 5, 4), (7, 0, 6, 5, 4)
Ab7sus4 (0, 1, 2, 4, 4), (0, 6, 7, 6, 4), (7, 6, 0, 4, 4), (x, x, 2, 4, 4)
Ab9 (0, 10, 12, 11, 8), (0, 6, 6, 9, 8), (x, 6, 4, 3, 4), (x, 6, 6, 9, 8)
Ab9(b5) (7, 0, 4, 3, 4), (7, 0, 6, 9, 8), (x, 6, 4, 3, 4), (x, 6, 6, 9, 8)
Abaug (7, 6, 6, 7, 6), (x, x, 2, 3, 2)
Abaug7 (0, 2, 2, 3, 4), (0, 6, 6, 7, 4), (7, 4, 6, 7, 4), (x, 6, 6, 7, 4)
Abdim (x, 0, 2, 2, 0), (x, 6, 5, 5, 0), (x, 6, 5, 5, 6), (x, x, 2, 2, 0)
Abdim7 (7, 0, 5, 8, 0), (x, 0, 2, 2, 3), (x, 6, 5, 5, 3), (x, 6, 5, 8, 0)
Abm (x, 6, 5, 6, 6), (x, x, 2, 2, 1)
Abm(add9) (x, 6, 5, 6, 8), (x, 9, 9, 11, 8)
Abm(maj7) (7, 5, 5, 6, 5), (7, 6, 5, 6, 5), (x, 9, 9, 10, 6)
Abm11 (0, 6, 5, 4, 4), (0, 6, 7, 9, 9), (7, 4, 5, 4, 4), (x, 6, 5, 4, 4)
Abm6 (x, 1, 2, 2, 3), (x, 6, 5, 6, 3), (x, 6, 5, 8, 6)
Abm7 (0, 1, 2, 2, 4), (0, 6, 5, 6, 4), (7, 4, 5, 6, 4), (x, 6, 5, 6, 4)
Abm7b5 (0, 4, 5, 5, 6), (0, 6, 5, 5, 4), (7, 0, 5, 5, 4), (x, 6, 5, 5, 4)
Abm9 (0, 8, 0, 11, 9), (0, 8, 5, 9, 6), (7, 9, 0, 6, 8)
Abmaj13 (x, 3, 2, 3, 5), (x, 6, 6, 8, 5)
Abmaj7 (7, 5, 6, 6, 5), (x, 10, 13, 11, 13), (x, 6, 6, 6, 5), (x, x, 2, 3, 5)
Abmaj7(b5) (x, 0, 2, 3, 5), (x, 6, 6, 5, 5)
Abmaj7(-sharp5) (x, 2, 2, 3, 5), (x, 6, 6, 7, 5)
Abmaj9 (7, 10, 9, 10, 8), (x, 5, 4, 3, 6), (x, 6, 4, 3, 5), (x, 6, 6, 10, 8)
Absus2 (x, 6, 4, 6, 6), (x, x, 2, 1, 1)
Absus4 (x, x, 2, 4, 1)
