G (5, 0, 4, 2, 0), (5, 0, 4, 7, 0), (5, 5, 4, 2, 0)
G(add9) (5, 0, 4, 7, 7), (5, 7, 4, 7, 0), (x, 5, 4, 7, 7), (x, 7, 4, 7, 0)
G11 (5, 0, 4, 0, 3), (5, 0, 5, 5, 9), (5, 3, 4, 0, 0), (5, 9, 5, 5, 0)
G13 (5, 0, 4, 4, 3), (5, 0, 4, 5, 2), (5, 2, 4, 5, 0), (5, 3, 4, 4, 0)
G5 (5, 0, 0, 2, 0)
G7 (5, 0, 4, 5, 0), (5, 0, 4, 5, 3), (5, 3, 4, 5, 0), (5, 5, 4, 5, 0)
G7(addb9) (5, 0, 4, 5, 6)
G7(b5) (x, 3, 4, 1, 5), (x, 5, 4, 1, 3)
G7sus4 (5, 0, 0, 0, 3), (5, 3, 0, 0, 0), (5, 3, 5, 0, 0)
G9 (5, 0, 4, 5, 7), (5, 7, 4, 5, 0), (x, 7, 4, 7, 3), (x, 9, 10, 7, 7)
G9(b5) (5, 7, 4, 5, x), (5, 9, 0, 5, 7), (x, 7, 4, 7, 3), (x, 9, 10, 7, 7)
Gaug (5, 1, 4, 3, 1), (5, 5, 4, 3, x), (x, 9, 8, 7, 9), (x, x, 8, 7, 9)
Gaug7 (9, 5, 8, 5, 5)
Gdim (x, 5, 6, 7, 8), (x, 8, 6, 7, 5), (x, 8, 6, 7, 8), (x, x, 6, 7, 8)
Gdim7 (11, 14, 0, 10, 11), (11, 14, 0, 10, 14)
Gm (5, 0, 3, 2, 0), (5, 0, 3, 2, 5), (5, 5, 3, 2, 0), (5, 5, 3, 7, 0)
Gm(maj7) (5, 0, 3, 2, 4), (5, 0, 3, 6, 0), (5, 4, 3, 2, 0), (5, 5, 3, 6, 0)
Gm11 (5, 0, 3, 0, 3), (5, 3, 3, 0, 0), (5, 3, 3, 0, 5), (5, 5, 3, 0, 3)
Gm6 (5, 0, 3, 2, 2), (5, 0, 3, 4, 0), (5, 0, 3, 4, 5), (5, 5, 3, 4, 0)
Gm7 (5, 0, 3, 5, 0), (5, 0, 3, 5, 3), (5, 3, 3, 5, 0), (5, 5, 3, 5, 0)
Gm7b5 (5, 8, 6, 5, 5), (8, 5, 6, 5, 5), (8, 5, 6, 5, 8), (8, 5, 6, 5, x)
Gm9 (5, 0, 3, 5, 7), (5, 7, 3, 5, 0), (5, 7, 7, 5, 8), (5, 8, 7, 5, 7)
Gmaj7 (5, 0, 4, 6, 0), (5, 0, 4, 6, 4), (5, 5, 4, 6, 0), (5, 5, 4, 6, 4)
Gmaj9 (5, 0, 4, 6, 7), (5, 7, 4, 6, 0), (5, 7, 4, 7, 4), (x, 7, 4, 7, 4)
Gsus2 (5, 0, 2, 2, 0), (5, 0, 2, 2, 5), (5, 5, 2, 2, 0), (5, 7, 0, 7, 0)
Gsus4 (5, 0, 0, 0, 0), (5, 0, 5, 2, 0), (5, 5, 5, 0, 0), (5, 5, 5, 2, 0)
