C (0, 0, 0, 1, 2) f=00012, (0, 4, 5, 5, 5) f=01234
C(add9) (0, 0, 0, 3, 2) f=00032, (0, 4, 5, 3, 5) f=02314
C11 (0, 0, 3, 5, 3) f=00131, (5, 6, 6, 6, 9) f=01114
C13 (3, 3, 4, 6, 8) f=00124, (9, 11, 10, 11, 11) f=02134
C5 (0, 0, 0, 1, x) f=00010, (5, 8, 6, 9, 6) f=03141
C6 (0, 0, 2, 5, 5) f=00144, (4, 5, 6, 6, 8) f=01224
C7 (0, 0, 3, 5, 5) f=00134, (8, 11, 10, 9, 11) f=03214
C7(add#9) (0, 0, 3, 4, 2) f=00231, (0, 3, 3, 1, 2) f=03412
C7(b5) (x, 0, 3, 5, 4) f=00132, (x, 11, 10, 8, 11) f=03214
C7sus4 (3, 3, 4, 7, 6) f=00143, (8, 11, 11, 9, 11) f=02314
C9 (0, 0, 3, 5, 0) f=00130, (0, 2, 3, 1, 2) f=02413
Caug (x, 0, 1, 1, 2) f=00112, (x, 5, 6, 6, 7) f=01234
Caug7 (x, 11, 10, 10, 11) f=02113, (x, 3, 4, 6, 7) f=00134
Cdim (x, 0, 5, 4, 4) f=00211, (x, 3, 5, 4, 4) f=01423
Cdim7 (x, 10, 9, 8, 11) f=03214, (x, 7, 9, 8, 8) f=00211
Cm (0, 0, 0, 1, 1) f=00011, (0, 3, 5, 4, 5) f=01324
Cm(add9) (0, 0, 0, 3, 1) f=00031, (0, 3, 5, 3, 5) f=01314
Cm(maj7) (0, 0, 0, 0, 1) f=00001, (8, 12, 9, 9, 11) f=04113
Cm11 (0, 0, 3, 4, 3) f=00132, (10, 13, 11, 12, 14) f=03124
Cm6 (0, 0, 2, 4, 5) f=00134, (7, 8, 9, 11, 11) f=01244
Cm7 (0, 0, 3, 4, 5) f=00123, (8, 11, 9, 9, 11) f=03114
Cm7b5 (x, 0, 3, 4, 4) f=00123, (x, 11, 9, 8, 11) f=03214
Cm9 (0, 0, 3, 4, 0) f=00120, (8, 13, 9, 12, 13) f=03124
Cmaj13 (4, 4, 5, 6, 8) f=00124, (9, 13, 10, 11, 10) f=04121
Cmaj7 (0, 0, 0, 0, 2) f=00002, (5, 8, 6, 6, 10) f=02114
Cmaj7(b5) (x, 0, 4, 5, 4) f=00132, (x, 7, 6, 6, 10) f=02114
Cmaj7(-sharp5) (x, 0, 1, 0, 2) f=00102, (x, 9, 6, 6, 10) f=03114
Cmaj9 (0, 0, 4, 5, 0) f=00120, (9, 13, 10, 13, 13) f=02134
Csus2 (0, 0, 0, 1, 0) f=00010, (7, 8, 8, 9, 11) f=01124
Csus4 (0, 0, 0, 1, 3) f=00013, (5, 6, 6, 7, 6) f=01121
