Ab (6, 6, 5, 4, x), (x, 1, 1, 1, 1), (x, 6, 5, 4, 6)
Ab(add9) (6, 8, 5, x, x), (x, 6, 5, 4, 8), (x, 6, 5, 9, 8)
Ab11 (x, 10, 11, 9, 11), (x, 6, 6, 7, 10)
Ab13 (x, 4, 1, 1, 3), (x, 4, 5, 6, 6)
Ab5 (6, 6, 8, 9, 6), (x, 1, 1, 4, x), (x, 6, 8, 9, x), (x, x, 1, 4, 1)
Ab6 (x, 1, 1, 1, 3), (x, 6, 5, 4, 3), (x, 6, 5, 6, 6)
Ab7 (x, 1, 1, 1, 4), (x, 6, 5, 4, 4), (x, x, 1, 1, 4)
Ab7(addb9) (6, 10, 8, 7, 7), (6, 4, 5, 4, 7)
Ab7(add#9) (6, 4, 5, 0, 4), (6, 6, 5, 0, 4), (x, 6, 5, 0, 4), (x, 6, 5, 7, 9)
Ab7(b5) (6, 0, 5, 7, 0), (x, 0, 1, 1, 4), (x, 6, 5, 3, 4)
Ab7sus4 (6, 4, 6, 4, 4), (x, 1, 1, 2, 4), (x, 6, 6, 4, 4), (x, x, 1, 2, 4)
Ab9 (x, 6, 5, 7, 8), (x, 8, 11, 9, 10)
Ab9(b5) (x, 6, 5, 7, 8)
Abaug (x, 2, 1, 1, 2), (x, 6, 5, 5, 2), (x, 6, 5, 5, 6), (x, x, 1, 1, 2)
Abaug7 (6, 4, 5, 5, 4), (x, 10, 9, 7, 6), (x, 2, 1, 1, 4), (x, 6, 5, 5, 4)
Abdim (x, 0, 1, 0, 0), (x, 6, 4, 3, 6), (x, 6, 7, 9, 9), (x, x, 1, 0, 0)
Abdim7 (x, 0, 1, 0, 3), (x, 6, 4, 3, 3), (x, 6, 4, 6, 0)
Abm (x, 1, 1, 0, 1), (x, 6, 4, 4, 6), (x, 6, 8, 0, 6), (x, x, 1, 0, 1)
Abm(add9) (x, 6, 4, 4, 8)
Abm(maj7) (0, 6, 4, 4, 5), (0, 6, 8, 8, 9)
Abm11 (6, 4, 6, 0, 6), (x, 6, 6, 0, 4), (x, 6, 6, 7, 9)
Abm6 (x, 1, 1, 0, 3), (x, 6, 4, 0, 3), (x, 6, 4, 6, 6), (x, x, 1, 0, 3)
Abm7 (x, 6, 4, 4, 4), (x, 6, 8, 7, 9)
Abm7b5 (6, 0, 4, 0, 4), (x, 4, 1, 0, 0), (x, 6, 7, 7, 9)
Abm9 (6, 4, 4, 4, 8), (6, 8, 4, 4, 4), (x, 6, 3, 0, 4), (x, 6, 4, 7, 8)
Abmaj13 (0, 10, 10, 8, 6), (0, 6, 5, 6, 5)
Abmaj7 (0, 5, 5, 4, 6), (0, 6, 5, 4, 5), (x, 6, 5, 4, 5), (x, x, 1, 1, 5)
Abmaj7(b5) (0, 12, 12, 9, 10), (0, 6, 5, 3, 5)
Abmaj7(-sharp5) (0, 5, 5, 5, 6), (0, 6, 5, 5, 5)
Abmaj9 (0, 6, 5, 8, 8), (0, 8, 12, 9, 10), (6, 8, 5, 8, 5), (x, 6, 5, 8, 8)
Absus2 (6, 6, 3, 4, x), (x, 6, 3, 4, 6), (x, 6, 3, 4, x), (x, 6, 8, 9, 8)
Absus4 (6, 6, 6, 4, x), (x, 6, 6, 4, 6), (x, x, 1, 2, 1)
