B (0, 1, 0, 2, 1), (0, 4, 5, 6, 4), (x, x, 5, 6, 4)
B(add9) (0, 11, 12, 14, 13), (0, 9, 9, 9, 11), (x, 9, 7, 6, 9), (x, x, 5, 4, 1)
B11 (0, 2, 3, 2, 1), (0, 9, 9, 7, 7), (10, 13, 0, 0, 14), (10, 14, 0, 0, 13)
B13 (0, 7, 5, 6, 6), (0, 9, 9, 0, 6), (10, 6, 0, 6, 7), (10, 7, 0, 6, 6)
B5 (0, 4, 0, 2, 4), (0, 9, x, 9, 9), (x, x, 5, 2, 4), (x, x, x, 2, 4)
B6 (0, 1, 2, 2, 4), (0, 9, 0, 6, 6), (x, 9, 9, 9, 6), (x, x, 5, 6, 6)
B7 (0, 1, 3, 2, 4), (0, 9, 9, 9, 7), (x, 9, 9, 9, 7), (x, x, 5, 6, 7)
B7(addb9) (10, 10, 9, 0, 7), (10, 7, 9, 0, 10), (10, 9, 9, 0, 10), (x, 9, 6, 6, 7)
B7(add#9) (0, 1, 3, 2, 0), (0, 9, 9, 12, 12), (10, 0, 9, 0, 7), (x, 9, 8, 6, 7)
B7(b5) (10, 7, 9, 8, 7), (x, 1, 3, 2, 3), (x, 3, 3, 2, 1), (x, 9, 9, 8, 7)
B7sus4 (0, 2, 3, 2, 4), (0, 9, 10, 9, 7), (x, x, 5, 7, 7)
B9 (0, 7, 7, 6, 9), (0, 9, 9, 12, 11), (x, 9, 7, 6, 7)
B9(b5) (10, 11, 9, 0, 11), (10, 11, 9, 0, 9), (10, 9, 9, 0, 11), (x, 9, 7, 6, 7)
Baug (10, 9, 9, 10, 9), (x, x, 5, 6, 5)
Baug7 (10, 7, 9, 10, 7), (x, 1, 5, 0, 5), (x, 5, 5, 6, 7), (x, 9, 9, 10, 7)
Bdim (x, 9, 8, 8, 9)
Bdim7 (10, 0, 8, 8, 6), (10, 9, 11, 11, 0), (x, 0, 2, 2, 3), (x, 9, 8, 8, 6)
Bm (0, 0, 0, 2, 0), (0, 4, 5, 5, 4), (10, 0, 0, 9, 0)
Bm(add9) (0, 0, 5, 4, 4), (0, 9, 8, 9, 11)
Bm(maj7) (0, 0, 4, 2, 4), (0, 9, 8, 9, 8), (10, 0, 0, 9, 8), (10, 0, 8, 9, 8)
Bm11 (0, 0, 3, 2, 2), (0, 9, 8, 7, 7), (10, 0, 0, 7, 7)
Bm6 (0, 0, 2, 2, 4), (0, 4, 5, 5, 6), (x, 9, 8, 9, 6)
Bm7 (0, 0, 3, 2, 4), (0, 9, 8, 9, 7), (10, 0, 0, 0, 7), (10, 0, 0, 0, 9)
Bm7b5 (10, 0, 8, 8, 7), (x, 0, 3, 2, 3), (x, 0, 5, 0, 3), (x, 9, 8, 8, 7)
Bm9 (0, 0, 5, 4, 7), (0, 7, 7, 5, 9), (10, 0, 7, 9, 7), (10, 7, 7, 9, 0)
Bmaj13 (0, 8, 9, 11, 9), (0, 9, 9, 11, 8)
Bmaj7 (0, 4, 4, 2, 1), (0, 9, 9, 9, 8), (x, 9, 9, 9, 8), (x, x, 5, 6, 8)
Bmaj7(b5) (x, 3, 4, 2, 1), (x, 9, 9, 8, 8)
Bmaj7(-sharp5) (x, 5, 5, 6, 8), (x, 9, 9, 10, 8)
Bmaj9 (0, 9, 7, 6, 8), (0, 9, 9, 13, 11)
Bsus2 (0, 4, 5, 4, 4), (0, 9, 7, 9, 9), (x, 9, 7, 9, 9), (x, x, 5, 4, 4)
Bsus4 (0, 2, 0, 2, 2), (0, 4, 5, 7, 4), (10, 9, 10, 9, 9)
