Bb (6, 0, 4, 5, 3), (6, 3, 4, 5, 0), (x, x, 4, 5, 3)
Bb(add9) (6, 0, 4, 3, 0), (6, 0, 6, 3, 0), (6, 0, 6, 5, 0), (x, x, 4, 3, 0)
Bb11 (6, 0, 2, 6, 3), (6, 0, 9, 8, 6), (6, 3, 2, 6, 0), (6, 6, 9, 8, 0)
Bb5 (6, 3, 4, x, x), (x, x, 4, 1, 3), (x, x, 4, 8, 8), (x, x, x, 1, 3)
Bb6 (6, 0, 4, 5, 5), (6, 0, 8, 8, 5), (6, 5, 4, 5, 0), (x, x, 4, 5, 5)
Bb7 (6, 0, 4, 5, 6), (6, 6, 4, 5, 0), (x, x, 4, 5, 6)
Bb7(addb9) (6, 0, 2, 2, 0), (6, 0, 5, 8, 6), (6, 6, 5, 5, 0)
Bb7(add#9) (6, 0, 2, 4, 0), (6, 0, 4, 4, 6), (6, 0, 7, 5, 6), (6, 6, 4, 4, 0)
Bb7(b5) (6, 0, 2, 5, 2), (6, 0, 4, 7, 6), (6, 6, 4, 7, 0), (x, 8, 8, 7, 6)
Bb7sus4 (6, 6, 9, 8, 6), (x, 8, 9, 6, 6), (x, 8, 9, 8, 6), (x, x, 4, 6, 6)
Bb9 (6, 0, 4, 3, 6), (6, 0, 6, 5, 6), (6, 6, 4, 3, 0), (6, 6, 6, 5, 0)
Bb9(b5) (6, 0, 4, 3, 6), (6, 6, 4, 3, 0)
Bbaug (6, 0, 0, 5, 0), (6, 0, 0, 5, 4), (6, 0, 4, 5, 4), (6, 4, 4, 5, 4)
Bbaug7 (6, 0, 0, 5, 6), (6, 6, 0, 5, 0), (6, 6, 0, 5, 4), (6, 6, 4, 5, 4)
Bbdim (6, 2, 4, 4, 2), (x, 8, 7, 7, 8), (x, x, 4, 4, 2)
Bbdim7 (6, 5, 7, 7, 5), (9, 8, 10, 10, 8), (x, 8, 10, 10, 11), (x, 8, 7, 7, 5)
Bbm (6, 3, 4, 4, 3), (6, 8, 7, 8, 8), (x, 8, 7, 8, 8), (x, x, 4, 4, 3)
Bbm(maj7) (6, 3, 3, 4, 3), (6, 7, 7, 0, 3), (6, 8, 7, 8, 7), (x, 8, 7, 8, 7)
Bbm11 (6, 6, 7, 6, 8), (6, 8, 7, 6, 6)
Bbm6 (6, 5, 7, 8, 5), (x, 8, 7, 8, 5), (x, x, 4, 4, 5)
Bbm7 (6, 6, 7, 8, 6), (6, 6, 7, 8, 8), (6, 8, 7, 8, 6), (x, 8, 7, 8, 6)
Bbm7b5 (6, 2, 2, 4, 2), (6, 8, 7, 7, 6)
Bbm9 (6, 3, 7, 3, 6), (6, 6, 7, 8, 10), (8, 8, 11, 11, 11)
Bbmaj7 (6, 0, 3, 5, 0), (6, 0, 4, 0, 0), (6, 3, 3, 0, 0)
Bbmaj9 (6, 0, 3, 3, 0), (6, 0, 3, 3, 3), (6, 3, 3, 3, 0), (6, 3, 6, 0, 0)
Bbsus2 (6, 3, 4, 3, 3), (6, 3, 6, 3, 3), (x, 8, 6, 8, 8)
Bbsus4 (6, 3, 4, 6, 3), (6, 8, 9, 8, 8), (x, 8, 9, 8, 8), (x, x, 4, 6, 3)
