Ab (x, 6, 6, 6, 10), (x, 6, 6, 6, 6), (x, 6, 6, 6, x), (x, x, 2, 3, 1)
Ab(add9) (x, 6, 4, 3, 6), (x, 6, 4, 3, x), (x, 6, 6, 6, 8), (x, x, 14, 13, 10)
Ab11 (9, 10, 0, 11, 13), (9, 10, 0, 6, 6), (9, 13, 0, 11, 10), (9, 6, 0, 6, 10)
Ab13 (13, 10, 0, 11, 13), (13, 13, 0, 11, 10)
Ab5 (x, 6, 2, 6, 6), (x, x, 2, 6, 6), (x, x, 2, 6, x)
Ab6 (x, 6, 6, 3, 3), (x, 6, 6, 6, 3), (x, x, 2, 3, 3)
Ab7 (x, 6, 6, 3, 4), (x, 6, 6, 6, 4), (x, 6, 6, 9, 6), (x, x, 2, 3, 4)
Ab7(addb9) (5, 6, 6, 0, 4), (x, 6, 3, 3, 4), (x, 6, 6, 0, 4), (x, 6, 6, 9, 7)
Ab7(add#9) (x, 6, 5, 3, 4)
Ab7(b5) (8, 0, 0, 5, 6), (x, 6, 6, 5, 4), (x, 6, 6, 9, 0), (x, 6, 8, 9, 10)
Ab7sus4 (x, 6, 7, 4, 4), (x, 6, 7, 6, 4), (x, 6, 7, 9, 6), (x, x, 2, 4, 4)
Ab9 (6, 6, 0, 3, 4), (6, 6, 0, 3, 6), (x, 6, 4, 3, 4), (x, 6, 6, 9, 8)
Ab9(b5) (6, 0, 0, 3, 6), (6, 6, 0, 3, 0), (x, 6, 4, 3, 4), (x, 6, 6, 9, 8)
Abaug (x, 6, 2, 3, 2), (x, 6, 6, 3, 2), (x, 6, 6, 7, 6), (x, x, 2, 3, 2)
Abaug7 (8, 6, 0, 7, 4), (8, 6, 0, 7, 6), (x, 6, 10, 9, 10), (x, 6, 6, 7, 4)
Abdim (x, 6, 5, 2, 0)
Abdim7 (7, 6, 8, 8, 0), (x, 6, 5, 5, 3), (x, 6, 5, 8, 0), (x, 6, 8, 8, 9)
Abm (x, 6, 5, 6, 6)
Abm(maj7) (7, 6, 5, 6, 5), (x, 6, 5, 6, 5), (x, 6, 9, 10, 9), (x, 9, 9, 10, 6)
Abm6 (x, 6, 5, 8, 6), (x, 6, 9, 8, 9), (x, x, 2, 2, 3)
Abm7 (7, 6, 0, 6, 6), (x, 6, 5, 6, 4)
Abm7b5 (x, 6, 5, 5, 4), (x, 6, 5, 9, 0)
Abm9 (6, 6, 0, 6, 9), (6, 9, 9, 9, 6)
Abmaj7 (x, 6, 2, 3, 5), (x, 6, 6, 3, 5), (x, 6, 6, 6, 5), (x, x, 2, 3, 5)
Abmaj9 (6, 6, 6, 10, 6), (x, 6, 4, 3, 5), (x, 6, 6, 10, 8), (x, 8, 6, 10, 6)
Absus2 (x, 6, 4, 6, 6), (x, 6, 4, 6, 8), (x, 6, 4, 6, x), (x, x, 2, 1, 1)
Absus4 (x, 6, 7, 6, x), (x, x, 2, 4, 1), (x, x, 7, 6, 6)
