G (0, 0, 0, 0, 0), (0, 5, 4, 3, 5)
G(add9) (0, 0, 2, 0, 5), (0, 9, 7, 8, 7), (5, 0, 2, 0, 0), (5, 5, 2, 0, 0)
G11 (0, 5, 5, 0, 3), (0, 9, 10, 8, 10), (5, 0, 5, 0, 3), (5, 3, 5, 0, 0)
G13 (0, 3, 0, 0, 2), (0, 3, 4, 5, 5), (5, 3, 4, 5, 0)
G5 (0, 0, 0, 3, 5), (0, 5, 7, 8, x), (5, 0, 0, 3, 0), (x, x, 0, 3, 0)
G6 (0, 0, 0, 0, 2), (0, 5, 4, 5, 5), (5, 2, 0, 0, 0), (x, x, 0, 0, 2)
G7 (0, 0, 0, 0, 3), (0, 5, 4, 3, 3), (5, 3, 0, 0, 0), (x, x, 0, 0, 3)
G7(addb9) (5, 0, 4, 6, 6), (5, 3, 0, 0, 6)
G7(add#9) (0, 3, 3, 0, 5), (0, 5, 4, 6, 8), (5, 0, 3, 0, 3), (5, 3, 3, 0, 0)
G7(b5) (0, 3, 4, 2, 5), (0, 5, 4, 2, 3), (x, 5, 4, 2, 3), (x, 5, 6, 0, 3)
G7sus4 (0, 0, 0, 1, 3), (0, 5, 5, 3, 3), (5, 0, 5, 3, 3), (x, x, 0, 1, 3)
G9 (0, 5, 2, 0, 3), (0, 5, 4, 6, 7)
G9(b5) (5, 3, 2, 0, 3), (5, 3, 2, 0, 5), (5, 5, 2, 0, 3), (x, 5, 2, 0, 3)
Gaug (0, 1, 0, 0, 1), (0, 5, 4, 4, 5), (x, 5, 4, 4, 5), (x, x, 0, 0, 1)
Gaug7 (0, 1, 0, 0, 3), (0, 5, 4, 4, 3), (5, 3, 4, 4, 3)
Gdim (0, 5, 3, 2, 5), (0, 5, 6, 8, 8), (x, 5, 6, 8, 8)
Gdim7 (0, 5, 3, 2, 2), (0, 5, 6, 5, 8), (5, 2, 3, 2, 2), (x, 5, 3, 2, 2)
Gm (0, 5, 3, 3, 5), (0, 8, 7, 8, 8), (5, 5, 3, 3, 0)
Gm(add9) (0, 7, 7, 8, 8), (0, 8, 7, 8, 7)
Gm(maj7) (0, 5, 3, 3, 4), (0, 5, 7, 7, 8), (5, 0, 3, 3, 4), (x, 5, 3, 3, 4)
Gm11 (0, 5, 5, 6, 8), (0, 8, 10, 8, 10), (5, 3, 3, 1, 0)
Gm6 (0, 2, 3, 3, 5), (0, 5, 3, 5, 5), (5, 0, 3, 5, 0), (x, 5, 3, 5, 0)
Gm7 (0, 5, 3, 3, 3), (0, 5, 7, 6, 8), (5, 0, 3, 3, 3), (5, 3, 3, 3, 3)
Gm7b5 (0, 11, 10, 8, 8), (0, 5, 6, 6, 8), (x, 5, 3, 2, 3), (x, 5, 6, 6, 8)
Gm9 (0, 5, 3, 6, 7), (0, 8, 0, 6, 7), (5, 0, 3, 6, 7), (5, 7, 3, 3, 3)
Gmaj13 (0, 2, 0, 0, 4), (0, 5, 4, 5, 4)
Gmaj7 (0, 0, 0, 0, 4), (0, 5, 4, 3, 4), (5, 4, 0, 0, 0), (x, x, 0, 0, 4)
Gmaj7(b5) (0, 11, 11, 8, 9), (0, 5, 4, 2, 4)
Gmaj7(-sharp5) (0, 1, 0, 0, 4), (0, 5, 4, 4, 4)
Gmaj9 (0, 5, 2, 0, 4), (0, 5, 4, 7, 7), (5, 0, 2, 0, 4), (5, 4, 2, 0, 0)
Gsus2 (0, 0, 2, 3, 5), (0, 5, 7, 8, 7), (5, 0, 2, 3, 0), (5, 5, 2, 3, 0)
Gsus4 (0, 0, 0, 1, 0), (0, 5, 5, 3, 5), (5, 5, 5, 3, 0), (x, x, 0, 1, 0)
