C# (1, 3, 4, 1) f=1341, (1, 3, 4, 4) f=1344, (7, 4, 5, 5) f=4444, (7, 7, 9, 10) f=1134
C#(add9) (1, 1, 4, 1) f=1141, (7, 4, 7, 5) f=3142, (7, 7, 9, 6) f=1120
C#11 (4, 3, 4, 2) f=3241, (4, 4, 4, 1) f=2341, (7, 5, 9, 8) f=2143
C#13 (11, 10, 14, 10) f=2141, (5, 4, 5, 7) f=2134, (7, 10, 9, 7) f=1431
C#5 (1, x, 4, 4) f=1044, (7, 7, 5, 5) f=3411, (7, 7, 6, 10) f=1103
C#6 (1, 3, 4, 0) f=1230, (3, 3, 4, 4) f=1123, (7, 4, 5, 7) f=4444, (7, 7, 9, 7) f=1131
C#7 (4, 3, 4, 4) f=2134, (7, 4, 3, 5) f=4213, (7, 4, 5, 8) f=4444, (7, 7, 9, 8) f=1132
C#7(addb9) (4, 0, 4, 1) f=3041, (7, 10, 9, 11) f=1324, (7, 4, 6, 8) f=3124, (7, 6, 9, 8) f=4044
C#7(add#9) (4, 2, 4, 1) f=3241, (4, 3, 4, 0) f=2130, (7, 10, 9, 6) f=1430, (7, 4, 3, 2) f=4440
C#7(b5) (3, 4, 5, 8) f=0124, (4, 3, 4, 3) f=2131, (7, 6, 9, 8) f=2143
C#7sus4 (4, 4, 4, 4) f=1111, (7, 5, 3, 5) f=4213, (7, 7, 10, 8) f=1142
C#9 (4, 1, 4, 1) f=3141, (7, 10, 9, 6) f=1320, (7, 4, 7, 8) f=2134
C#9(b5) (7, 4, 7, 8) f=4444
C#aug (2, 3, 4, 1) f=2341, (2, 3, 4, 5) f=1234, (7, 8, 9, 10) f=1234
C#aug7 (4, 3, 4, 5) f=2134, (7, 4, 3, 6) f=4213, (7, 8, 9, 8) f=1243
C#dim (0, 2, 4, 0) f=0130, (0, 2, 4, 3) f=0132, (7, 6, 8, 10) f=2134
C#dim7 (2, 3, 5, 7) f=0124, (3, 5, 4, 0) f=1320, (7, 6, 8, 7) f=2143, (7, 9, 11, 6) f=4440
C#m (1, 2, 4, 4) f=1244, (7, 7, 8, 10) f=1124, (7, 7, 8, 5) f=2341
C#m(add9) (1, 1, 4, 0) f=1140, (10, 7, 7, 10) f=3114, (7, 3, 7, 5) f=3142
C#m(maj7) (5, 2, 4, 4) f=4123, (6, 7, 5, 4) f=2310, (7, 7, 8, 9) f=1123
C#m11 (10, 10, 10, 10) f=1111, (4, 4, 4, 0) f=2340, (7, 5, 3, 2) f=4210
C#m6 (3, 2, 4, 4) f=2134, (4, 7, 5, 3) f=1420, (7, 7, 8, 7) f=1121
C#m7 (4, 2, 4, 4) f=2134, (5, 7, 5, 4) f=1420, (7, 7, 3, 2) f=4440, (7, 7, 8, 8) f=1123
C#m7b5 (4, 2, 4, 3) f=3142, (4, 5, 4, 0) f=1320, (7, 6, 8, 8) f=2134
C#m9 (4, 1, 4, 0) f=3140, (7, 10, 7, 6) f=1420, (9, 10, 8, 10) f=2314
C#maj7 (5, 3, 4, 4) f=4123, (7, 4, 4, 5) f=4112, (7, 4, 4, x) f=4440, (7, 7, 9, 9) f=1134
C#maj9 (5, 1, 4, 1) f=4131, (7, 4, 7, 3) f=2130, (9, 11, 9, 10) f=1312, (9, 12, 9, 9) f=4444
C#sus2 (1, 1, 4, 4) f=1144, (7, 7, 7, 10) f=1114, (7, 7, 7, 5) f=2341
C#sus4 (1, 4, 4, 2) f=1342, (1, 4, 4, 4) f=1444, (7, 7, 10, 10) f=1144
