C (0, 0, 0, 0, 0) f=00000, (0, 4, 5, 4, 3) f=02431
C(add9) (0, 0, 0, 2, 0) f=00020, (0, 4, 5, 2, 3) f=03412
C11 (0, 0, 3, 5, 0) f=00130, (10, 13, 11, 11, 13) f=03114
C13 (0, 0, 3, 4, 5) f=00123, (8, 11, 10, 10, 9) f=04231
C5 (0, 0, 0, 0, 3) f=00003, (5, 8, 6, 8, 9) f=02134
C6 (0, 0, 2, 4, 3) f=00132, (9, 13, 13, 10, 13) f=02314
C7 (0, 0, 3, 4, 3) f=00132, (4, 5, 6, 8, 7) f=01243
C7(add#9) (0, 0, 3, 3, 0) f=00120, (9, 11, 10, 13, 12) f=02143
C7(b5) (x, 0, 3, 4, 2) f=00231, (x, 5, 6, 7, 7) f=01234
C7sus4 (0, 0, 3, 5, 3) f=00131, (5, 6, 6, 8, 7) f=01132
C9 (0, 0, 3, 2, 0) f=00210, (9, 11, 10, 13, 11) f=02143
Caug (x, 0, 1, 0, 0) f=00200, (x, 4, 5, 4, 4) f=01211
Caug7 (x, 0, 3, 4, 4) f=00123, (x, 11, 10, 9, 9) f=03211
Cdim (x, 0, 5, 3, 2) f=00421, (x, 7, 9, 7, 9) f=01314
Cdim7 (x, 0, 2, 3, 2) f=00132, (x, 13, 12, 10, 12) f=04213
Cm (0, 0, 0, 3, 3) f=00023, (0, 3, 5, 3, 3) f=01311
Cm(add9) (7, 8, 9, 7, 11) f=01204
Cm(maj7) (0, 0, 4, 3, 3) f=00211
Cm11 (0, 0, 3, 3, 1) f=00341, (10, 13, 11, 11, 12) f=03112
Cm6 (0, 0, 2, 3, 3) f=00123, (7, 8, 9, 10, 9) f=01243
Cm7 (0, 0, 3, 3, 3) f=00111, (10, 13, 13, 11, 12) f=03412
Cm7b5 (x, 0, 3, 3, 2) f=00231, (x, 13, 12, 11, 12) f=04213
Cm9 (8, 11, 9, 13, 11) f=02143, (8, 8, 9, 11, 11) f=00134
Cmaj13 (0, 0, 4, 4, 5) f=00123, (8, 12, 10, 10, 9) f=04231
Cmaj7 (0, 0, 4, 4, 3) f=00231
Cmaj7(b5) (x, 0, 4, 4, 2) f=00341
Cmaj7(-sharp5) (x, 0, 4, 4, 4) f=00111
Cmaj9 (0, 0, 4, 2, 0) f=00310, (9, 13, 10, 12, 11) f=04132
Csus2 (0, 0, 0, 2, 3) f=00012, (7, 8, 8, 8, 9) f=01112
Csus4 (0, 0, 0, 0, 1) f=00001, (5, 8, 6, 6, 9) f=03114
