D (x, 0, 0, 0, 0), (x, 0, 0, 0, 4), (x, 0, 3, 0, 4), (x, 0, 3, 5, 4)
D(add9) (x, 0, 0, 0, 2), (x, 0, 0, 5, 2), (x, 0, 0, 7, 4), (x, 0, 0, 7, 7)
D11 (10, 10, 0, 10, 7), (10, 7, 0, 10, 10), (14, 0, 13, 0, 10), (14, 0, 13, 12, 10)
D13 (10, 10, 0, 0, 9), (10, 10, 0, 12, 9), (10, 10, 12, 0, 9), (10, 9, 0, 0, 10)
D5 (x, 0, 3, 0, 0), (x, 0, 3, 5, 0), (x, 0, 8, 0, 7), (x, x, x, 5, 7)
D6 (x, 0, 0, 2, 0), (x, 0, 0, 2, 4), (x, 0, 3, 2, 4), (x, 0, 5, 0, 4)
D7 (x, 0, 0, 3, 0), (x, 0, 0, 3, 4), (x, 0, 3, 3, 4), (x, 0, 6, 0, 4)
D7(addb9) (10, 0, 0, 6, 10), (x, 0, 0, 6, 10)
D7(add#9) (10, 0, 0, 8, 10), (x, 0, 0, 8, 10), (x, 0, 6, 8, 4)
D7(b5) (x, 0, 0, 3, 6), (x, 0, 2, 3, 4), (x, 0, 6, 9, 6), (x, 4, 2, 3, 0)
D7sus4 (x, 0, 1, 3, 0), (x, 0, 3, 3, 5), (x, 0, 6, 0, 5), (x, 0, 6, 5, 5)
D9 (10, 0, 0, 7, 10), (x, 0, 0, 3, 2), (x, 0, 0, 7, 10), (x, 0, 6, 7, 4)
D9(b5) (10, 0, 0, 7, 10), (x, 0, 0, 3, 2), (x, 0, 0, 7, 10), (x, 0, 6, 7, 4)
Daug (x, 0, 0, 1, 4), (x, 0, 4, 1, 4), (x, 0, 4, 5, 4)
Daug7 (x, 0, 4, 3, 4), (x, 0, 6, 9, 8), (x, 4, 6, 5, 8)
Ddim (10, 0, 8, 8, 6), (x, 0, 2, 5, 3), (x, 0, 8, 8, 6), (x, x, 8, 8, 6)
Ddim7 (x, 0, 2, 2, 3)
Dm (x, 0, 3, 5, 3), (x, 0, 8, 8, 7)
Dm(maj7) (10, 7, 7, 8, 7), (x, 0, 3, 4, 3), (x, 0, 7, 0, 3), (x, 0, 7, 8, 7)
Dm11 (x, 0, 1, 3, 3), (x, 0, 11, 10, 10), (x, 12, 11, 10, 10)
Dm6 (x, 0, 5, 0, 3), (x, 0, 5, 2, 3), (x, 0, 5, 5, 3)
Dm7 (x, 0, 11, 0, 10), (x, 0, 3, 3, 3), (x, 0, 6, 0, 3), (x, 0, 6, 8, 7)
Dm7b5 (x, 3, 6, 5, 6)
Dm9 (10, 7, 11, 7, 10), (12, 0, 11, 0, 10), (12, 0, 11, 12, 10)
Dmaj7 (x, 0, 0, 4, 0), (x, 0, 0, 4, 4), (x, 0, 0, 4, 7), (x, 0, 3, 4, 4)
Dmaj9 (x, 0, 0, 4, 2), (x, 0, 0, 7, 11), (x, 0, 10, 9, 11), (x, 0, 7, 7, 4)
Dsus2 (x, 0, 3, 0, 2), (x, 0, 3, 7, 7), (x, 0, 8, 7, 7)
Dsus4 (x, 0, 3, 0, 5)
