Ab (6, 6, 5, 3, x), (6, 6, 8, 0, 6), (x, 10, 8, 8, 10), (x, x, 8, 8, 10)
Ab(add9) (6, 6, 3, 0, 6), (6, 6, 5, 0, 8), (6, 8, 5, 0, 6), (6, 8, 5, 0, 8)
Ab5 (6, 6, 8, 8, 6), (6, 6, 8, x, x), (x, x, 8, 8, 6)
Ab6 (6, 3, 5, 3, 3)
Ab7 (6, 4, 5, 0, 4), (6, 4, 5, 0, 6), (6, 4, 5, 6, 4), (6, 6, 5, 0, 4)
Ab7(b5) (6, 0, 5, 0, 4), (6, 4, 5, 0, 0), (6, 6, 5, 6, 0)
Ab7sus4 (6, 4, 6, 6, 4), (6, 4, 6, x, x), (6, 6, 6, 6, 6), (x, 6, 6, 8, 4)
Ab9 (6, 4, 3, 0, 4), (6, 4, 3, 0, 6), (6, 4, 5, 0, 8), (6, 6, 3, 0, 4)
Ab9(b5) (6, 4, 3, 0, 0)
Abaug (6, 2, 5, 0, 2), (6, 2, 5, 0, 6), (6, 6, 5, 0, 2), (6, 6, 9, 0, 6)
Abdim (6, 0, 4, 2, 0), (6, 0, 4, 8, 0), (6, 6, 4, 2, 0), (6, 6, 4, 8, 0)
Abdim7 (6, 0, 4, 5, 0), (6, 0, 4, 5, 6), (6, 3, 4, 5, 0), (6, 6, 4, 5, 0)
Abm (6, 6, 4, 3, x), (x, 6, 8, 8, 9), (x, 9, 8, 8, 6), (x, x, 8, 8, 9)
Abm(maj7) (6, 5, 4, 3, x), (6, 6, 8, 7, 9), (6, 9, 8, 7, 9), (x, 9, 8, 8, 5)
Abm11 (6, 6, 6, 6, 9), (6, 8, 6, 6, 9), (6, 9, 6, 6, 6), (6, 9, 6, 6, 8)
Abm6 (6, 3, 4, 3, 3), (6, 3, 4, 3, 6), (6, 3, 4, 5, 3), (6, 3, 4, x, x)
Abm7 (6, 6, 8, 6, 9), (6, 9, 8, 6, 6), (6, 9, 8, 6, 9)
Abm7b5 (6, 0, 4, 6, 0), (6, 0, 4, 6, 4), (6, 4, 4, 6, 0), (6, 6, 4, 6, 0)
Abm9 (6, 8, 8, 6, 9), (6, 9, 8, 6, 8), (8, 6, 8, 6, 9), (9, 6, 8, 6, 8)
Abmaj7 (6, 5, 0, 0, 5), (6, 5, 0, 0, 6), (6, 6, 0, 0, 5), (6, 6, 5, 0, 5)
Abmaj9 (6, 5, 0, 0, 8), (6, 5, 3, 0, 5), (6, 5, 3, 0, 6), (6, 6, 3, 0, 5)
Absus2 (6, 6, 8, 8, 8), (x, 6, 8, 8, 8), (x, 8, 8, 8, 6), (x, 8, 8, 8, 8)
Absus4 (6, 6, 6, 3, x), (x, 11, 8, 8, 11), (x, 11, 8, 8, x), (x, x, 8, 8, 11)
