Eb (0, 5, 3, 4, 5), (0, 8, 8, 8, 8), (x, 1, 3, 4, 5)
Eb(add9) (0, 13, 12, 11, 15), (0, 5, 3, 4, 3), (x, 1, 0, 4, 3)
Eb11 (0, 5, 6, 4, 6), (0, 6, 6, 4, 5)
Eb13 (0, 11, 12, 13, 13), (0, 11, 8, 8, 10), (13, 10, 0, 11, 11), (13, 11, 0, 11, 10)
Eb5 (x, 1, 3, 4, 1), (x, 1, 3, 4, x), (x, 8, 8, 11, x), (x, x, x, 4, 8)
Eb6 (0, 1, 0, 1, 1), (0, 10, 8, 8, 8), (0, 8, 8, 8, 10), (x, 1, 0, 1, 1)
Eb7 (0, 1, 3, 2, 5), (0, 11, 12, 11, 13), (0, 8, 8, 8, 11), (x, 1, 0, 2, 1)
Eb7(addb9) (13, 11, 0, 14, 14), (13, 14, 0, 11, 11)
Eb7(add#9) (0, 1, 0, 2, 4), (0, 5, 6, 4, 4), (x, 1, 0, 2, 4), (x, 4, 0, 2, 1)
Eb7(b5) (0, 11, 12, 10, 13), (0, 7, 6, 4, 5)
Eb7sus4 (x, 1, 1, 2, 1), (x, 1, 1, 2, x), (x, 8, 8, 9, 11)
Eb9 (0, 1, 0, 2, 3), (0, 5, 6, 4, 3), (13, 11, 0, 11, 15), (x, 1, 0, 2, 3)
Eb9(b5) (13, 11, 0, 14, 15)
Ebaug (0, 1, 0, 0, 1), (0, 9, 8, 8, 9), (x, 1, 0, 0, 1), (x, 1, 0, 0, 5)
Ebaug7 (0, 11, 12, 12, 13), (0, 9, 8, 8, 11), (13, 11, 0, 0, 13), (x, 1, 4, 2, 5)
Ebdim (x, 1, 2, 4, 4), (x, 4, 2, 4, 4), (x, 7, 8, 7, 7), (x, x, 8, 7, 7)
Ebdim7 (13, 10, 11, 10, 10), (x, 13, 11, 10, 10), (x, 4, 2, 1, 1)
Ebm (x, 4, 3, 4, 4), (x, 8, 8, 7, 8), (x, x, 8, 7, 8)
Ebm(add9) (x, 13, 11, 11, 15)
Ebm(maj7) (13, 12, 11, 11, 0), (13, 13, 11, 11, 0), (x, 1, 3, 3, 4), (x, 13, 11, 11, 12)
Ebm11 (x, 1, 1, 2, 4)
Ebm6 (x, 1, 3, 1, 4), (x, 1, 5, 4, 4), (x, 8, 8, 7, 10), (x, x, 8, 7, 10)
Ebm7 (13, 11, 11, 11, 11), (x, 1, 3, 2, 4), (x, 13, 11, 11, 11)
Ebm7b5 (13, 11, 11, 10, x), (x, 1, 2, 2, 4), (x, 13, 11, 10, 11), (x, 7, 6, 4, 4)
Ebm9 (13, 11, 11, 11, 15), (13, 15, 11, 11, 11), (x, 13, 11, 14, 15), (x, 3, 6, 4, 4)
Ebmaj13 (0, 1, 0, 1, 0), (0, 12, 12, 13, 13)
Ebmaj7 (0, 13, 12, 11, 12), (0, 8, 8, 8, 12), (x, 1, 0, 3, 0)
Ebmaj7(b5) (0, 13, 12, 10, 12), (0, 7, 7, 4, 5)
Ebmaj7(-sharp5) (0, 1, 0, 0, 0), (0, 9, 8, 8, 12)
Ebmaj9 (0, 1, 0, 3, 3), (13, 15, 0, 11, 0), (x, 1, 0, 3, 3)
Ebsus2 (x, 1, 3, 4, 3), (x, 13, 10, 11, 13), (x, 8, 8, 6, 8), (x, x, 8, 6, 8)
Ebsus4 (13, 13, 13, 11, x), (x, 13, 13, 11, 13), (x, x, 8, 9, 8)
