D (0, 0, 0, 0, 0), (0, 7, 8, 9, 7), (x, 0, 0, 0, 0), (x, 0, 0, 0, 4)
D(add9) (0, 0, 0, 0, 2), (0, 4, 3, 5, 2), (x, 0, 0, 0, 2), (x, 0, 0, 5, 2)
D11 (0, 0, 1, 3, 4), (0, 5, 6, 5, 4), (5, 0, 3, 3, 5), (5, 5, 3, 3, 0)
D13 (0, 0, 6, 9, 9), (0, 10, 8, 9, 9), (13, 10, 0, 0, 9), (13, 9, 0, 0, 10)
D5 (x, 0, 3, 0, 0), (x, 0, 3, 5, 0), (x, 7, 8, x, 7), (x, x, x, 5, 7)
D6 (0, 0, 3, 2, 4), (0, 4, 5, 5, 7), (x, 0, 0, 2, 0), (x, 0, 0, 2, 4)
D7 (0, 0, 3, 3, 4), (0, 4, 6, 5, 7), (x, 0, 0, 3, 0), (x, 0, 0, 3, 4)
D7(addb9) (x, 0, 0, 3, 1), (x, 0, 0, 6, 10), (x, 0, 6, 6, 4), (x, 0, 9, 9, 10)
D7(add#9) (0, 0, 0, 3, 3), (0, 4, 6, 5, 3), (x, 0, 0, 3, 3)
D7(b5) (0, 0, 2, 3, 4), (0, 4, 6, 5, 6), (x, 0, 0, 3, 6), (x, 0, 2, 3, 4)
D7sus4 (x, 0, 1, 3, 0), (x, 0, 3, 3, 5), (x, 0, 6, 0, 5)
D9 (0, 0, 0, 3, 2), (0, 4, 6, 5, 2), (x, 0, 0, 3, 2)
D9(b5) (x, 0, 0, 3, 2), (x, 0, 0, 7, 10), (x, 0, 10, 9, 10), (x, 0, 6, 7, 4)
Daug (0, 0, 0, 1, 0), (0, 4, 4, 5, 4), (x, 0, 0, 1, 0), (x, 0, 0, 1, 4)
Daug7 (0, 0, 4, 3, 4), (0, 8, 8, 9, 10), (x, 0, 4, 3, 4), (x, 0, 6, 9, 8)
Ddim (x, 0, 2, 5, 3), (x, 0, 8, 8, 6), (x, x, 8, 8, 6)
Ddim7 (x, 0, 11, 11, 9), (x, 0, 2, 2, 3), (x, 3, 5, 5, 6)
Dm (x, 0, 3, 0, 3), (x, 0, 8, 8, 7)
Dm(add9) (x, 0, 10, 8, 7), (x, 2, 3, 5, 3)
Dm(maj7) (x, 0, 7, 0, 3), (x, 0, 7, 8, 7), (x, 7, 8, 8, 11)
Dm11 (x, 0, 1, 3, 3), (x, 0, 11, 10, 10), (x, 0, 6, 8, 5), (x, 3, 6, 5, 5)
Dm6 (x, 0, 3, 2, 3), (x, 0, 5, 0, 3), (x, 7, 8, 8, 9)
Dm7 (x, 0, 3, 3, 3), (x, 0, 6, 0, 3), (x, 0, 6, 8, 7), (x, 7, 8, 8, 10)
Dm7b5 (x, 0, 2, 3, 3), (x, 0, 6, 8, 6), (x, 3, 2, 3, 0), (x, 3, 6, 5, 6)
Dm9 (13, 10, 11, 0, 14), (13, 14, 11, 0, 10), (x, 0, 6, 7, 3), (x, 10, 10, 8, 12)
Dmaj13 (0, 0, 5, 4, 4), (0, 12, 12, 14, 11)
Dmaj7 (0, 0, 3, 4, 4), (0, 4, 7, 5, 7), (x, 0, 0, 4, 0), (x, 0, 0, 4, 4)
Dmaj7(b5) (0, 0, 2, 4, 4), (0, 4, 7, 5, 6)
Dmaj7(-sharp5) (0, 0, 4, 4, 4), (0, 8, 8, 9, 11)
Dmaj9 (0, 0, 0, 4, 2), (0, 12, 10, 9, 11), (x, 0, 0, 4, 2), (x, 0, 7, 7, 4)
Dsus2 (x, 0, 3, 0, 2), (x, 0, 3, 5, 2), (x, 0, 8, 7, 7)
Dsus4 (x, 0, 1, 0, 0), (x, 0, 3, 0, 5)
