Eb (x, 1, 3, 3, 5), (x, 5, 3, 3, 1), (x, x, 3, 3, 5)
Eb(add9) (x, 1, 0, 3, 3), (x, 3, 0, 3, 1), (x, 3, 0, 3, 3)
Eb13 (13, 10, 0, 10, 11), (13, 11, 0, 10, 10)
Eb5 (x, 1, 3, 3, 1), (x, 1, 3, 3, x), (x, 1, 3, x, x), (x, x, 3, 3, 1)
Eb6 (x, 1, 5, 3, 5), (x, 5, 5, 3, 1), (x, 5, 5, 3, 5), (x, x, 5, 3, 5)
Eb7 (x, 5, 6, 3, x)
Eb7(addb9) (13, 11, 0, 13, 14), (13, 14, 0, 13, 11), (x, 2, 6, 3, 5), (x, 5, 6, 3, 2)
Eb7(add#9) (5, 1, 0, 1, 4), (5, 4, 0, 1, 1), (x, 4, 6, 3, 5), (x, 5, 6, 3, 4)
Eb7(b5) (5, 1, 2, 1, 1), (x, 5, 6, 3, 7)
Eb7sus4 (13, 11, 13, 13, 11), (x, 6, 6, 3, 6), (x, 6, 6, 3, x), (x, x, 6, 3, 6)
Eb9 (13, 15, 0, 15, 11), (x, 3, 6, 3, 5), (x, 5, 6, 3, 3)
Eb9(b5) (13, 11, 0, 13, 15), (13, 15, 0, 15, 11), (x, 3, 6, 3, 5), (x, 5, 6, 3, 3)
Ebaug (x, 1, 4, 3, 5), (x, 5, 4, 3, 1), (x, 5, 4, 3, 5), (x, x, 4, 3, 5)
Ebaug7 (13, 11, 12, 11, 11), (13, 9, 0, 13, 13)
Ebdim (x, 1, 2, 3, 4), (x, 4, 2, 3, 1), (x, 4, 2, 3, 4), (x, x, 2, 3, 4)
Ebdim7 (x, 10, 8, 6, 7), (x, 4, 5, 3, 7), (x, 7, 5, 3, 4), (x, 7, 8, 6, 10)
Ebm (x, 1, 3, 3, 4), (x, 4, 3, 3, 1), (x, 4, 3, 3, 4), (x, x, 3, 3, 4)
Ebm(maj7) (13, 12, 11, 10, 0), (13, 12, 11, 10, x), (13, 13, 11, 10, 0), (x, 4, 3, 3, 0)
Ebm11 (6, 3, 6, 3, 4), (6, 4, 6, 3, x), (x, 4, 6, 3, 6)
Ebm6 (x, 1, 5, 3, 4), (x, 4, 5, 3, 1), (x, 4, 5, 3, 4), (x, x, 5, 3, 4)
Ebm7 (13, 11, 11, 10, x), (x, 1, 3, 1, 4), (x, 11, 11, 10, 13), (x, 13, 11, 10, 11)
Ebm7b5 (7, 4, 6, 3, x), (x, 13, 11, 9, 11), (x, 4, 6, 3, 7), (x, 7, 6, 3, 4)
Ebmaj7 (x, 1, 0, 3, 0), (x, 5, 0, 3, 0), (x, 5, 3, 3, 0), (x, x, 0, 3, 0)
Ebmaj9 (x, 1, 0, 5, 0), (x, 3, 0, 3, 0), (x, 3, 7, 3, 5), (x, 5, 7, 3, 3)
Ebsus2 (x, 1, 3, 3, 3), (x, 3, 3, 3, 1), (x, 3, 3, 3, 3), (x, x, 3, 3, 3)
Ebsus4 (13, 13, 13, 10, x), (x, 6, 3, 3, 6), (x, 6, 3, 3, x), (x, x, 3, 3, 6)
