C (11, 10, 10, 10, 10), (x, 2, 1, 3, 2), (x, x, 6, 7, 5)
C(add9) (x, 10, 10, 10, 12), (x, 2, 1, 3, 0), (x, x, 6, 5, 2)
C11 (x, 10, 10, 8, 8), (x, 3, 4, 3, 2)
C13 (6, 7, 6, 7, 8), (6, 8, 6, 7, 7), (x, 8, 10, 12, 10), (x, 8, 6, 7, 7)
C5 (x, 10, x, 10, 10), (x, 5, 6, x, 5), (x, x, 6, 3, 5), (x, x, x, 3, 5)
C6 (x, 10, 10, 10, 7), (x, 2, 3, 3, 5), (x, 5, 6, 7, 7), (x, x, 6, 7, 7)
C7 (x, 10, 10, 10, 8), (x, 2, 4, 3, 5), (x, 5, 6, 7, 8), (x, x, 6, 7, 8)
C7(addb9) (11, 11, 10, 13, 10), (11, 8, 7, 7, x), (x, 10, 10, 13, 11), (x, 10, 7, 7, 8)
C7(add#9) (x, 10, 10, 13, 13), (x, 10, 10, 6, 8), (x, 10, 9, 7, 8), (x, 2, 4, 3, 1)
C7(b5) (0, 2, 4, 3, 4), (0, 4, 4, 3, 2), (11, 8, 10, 9, 8), (x, 10, 10, 9, 8)
C7sus4 (x, 5, 6, 8, 8), (x, x, 6, 8, 8)
C9 (x, 10, 10, 13, 12), (x, 10, 8, 7, 8), (x, 2, 4, 3, 0)
C9(b5) (11, 0, 0, 7, 8)
Caug (11, 10, 10, 11, 10), (x, x, 6, 7, 6)
Caug7 (11, 8, 10, 11, 8), (11, 8, 10, 11, x), (x, 10, 10, 11, 8), (x, 6, 6, 7, 8)
Cdim (0, 1, 0, 3, 1), (0, 4, 6, 6, 4), (x, 10, 9, 9, 10), (x, x, 6, 6, 4)
Cdim7 (0, 1, 3, 3, 4), (0, 10, 9, 9, 7), (11, 7, 9, 9, 7), (x, 10, 9, 9, 7)
Cm (x, 10, 9, 10, 10), (x, x, 6, 6, 5)
Cm(add9) (x, 1, 1, 3, 0), (x, 10, 9, 10, 12)
Cm(maj7) (x, 13, 13, 14, 10)
Cm11 (11, 0, 9, 8, 8), (11, 8, 9, 8, 8), (x, 1, 4, 3, 3), (x, 10, 9, 8, 8)
Cm6 (11, 10, 9, 0, 10), (x, 10, 9, 10, 7), (x, 5, 6, 6, 7), (x, x, 6, 6, 7)
Cm7 (11, 8, 9, 10, 8), (x, 10, 9, 10, 8), (x, 5, 6, 6, 8)
Cm7b5 (0, 1, 4, 3, 4), (0, 10, 9, 9, 8), (11, 8, 9, 9, 8), (x, 10, 9, 9, 8)
Cm9 (11, 0, 9, 10, 8), (x, 1, 4, 3, 0), (x, 8, 8, 6, 10)
Cmaj13 (x, 10, 10, 12, 9), (x, 9, 10, 12, 10)
Cmaj7 (x, 10, 10, 10, 9), (x, 10, 10, 7, 9), (x, 5, 5, 3, 2), (x, x, 6, 7, 9)
Cmaj7(b5) (0, 10, 10, 9, 9), (0, 4, 5, 3, 2)
Cmaj7(-sharp5) (x, 10, 10, 11, 9), (x, 6, 6, 7, 9)
Cmaj9 (11, 0, 10, 10, 9), (11, 9, 10, 10, 0), (x, 10, 8, 7, 9), (x, 2, 5, 3, 0)
Csus2 (x, 0, 1, 3, 0), (x, 10, 8, 10, 0), (x, x, 6, 5, 5)
Csus4 (11, 10, 11, 10, 10), (x, 3, 1, 3, 3)
