C# (12, 11, 11, 11, 11), (x, 3, 2, 4, 3), (x, x, 7, 8, 6)
C#(add9) (x, 11, 11, 11, 13), (x, 11, 9, 8, 11), (x, 3, 2, 4, 1), (x, x, 7, 6, 3)
C#11 (0, 4, 5, 4, 3), (0, 9, 0, 8, 11), (5, 6, 7, 8, 9), (5, 9, 7, 8, 6)
C#13 (0, 9, 11, 13, 11), (0, 9, 7, 8, 8), (7, 8, 7, 8, 9), (7, 9, 7, 8, 8)
C#5 (x, 11, x, 11, 11), (x, 6, 7, x, 6), (x, x, 7, 4, 6)
C#6 (x, 11, 11, 11, 8), (x, 3, 4, 4, 6), (x, 6, 7, 8, 8), (x, x, 7, 8, 8)
C#7 (x, 11, 11, 11, 9), (x, 3, 5, 4, 6), (x, 6, 7, 8, 9), (x, x, 7, 8, 9)
C#7(addb9) (12, 0, 11, 11, 9), (12, 0, 8, 8, 9), (12, 9, 11, 11, 0), (x, 11, 8, 8, 9)
C#7(add#9) (x, 11, 10, 8, 9), (x, 11, 11, 14, 14), (x, 11, 11, 7, 9), (x, 3, 5, 4, 2)
C#7(b5) (12, 9, 11, 10, 9), (x, 3, 5, 4, 5), (x, 5, 5, 4, 3)
C#7sus4 (0, 4, 5, 4, 6), (0, 6, 7, 9, 9), (x, 11, 12, 11, 9), (x, x, 7, 9, 9)
C#9 (x, 11, 11, 14, 13), (x, 3, 5, 4, 1)
C#9(b5) (12, 9, 9, 8, x), (x, 11, 11, 14, 13), (x, 11, 9, 8, 9)
C#aug (x, 11, 7, 8, 7), (x, x, 7, 8, 7)
C#aug7 (x, 11, 11, 12, 9), (x, 7, 7, 8, 9)
C#dim (x, 11, 10, 10, 11), (x, x, 7, 7, 5)
C#dim7 (12, 8, 10, 10, 8), (x, 11, 10, 10, 8), (x, 11, 13, 13, 14), (x, 2, 4, 4, 5)
C#m (x, 11, 10, 11, 11), (x, x, 7, 7, 6)
C#m(add9) (x, 1, 2, 4, 2), (x, 11, 10, 11, 13)
C#m(maj7) (12, 10, 10, 11, 10), (12, 11, 10, 11, 10), (x, 6, 7, 7, 10)
C#m11 (0, 11, 10, 9, 9), (0, 2, 5, 4, 4), (12, 9, 10, 9, 9), (x, 11, 10, 9, 9)
C#m6 (x, 11, 10, 11, 8), (x, 11, 10, 7, 8), (x, 6, 7, 7, 8), (x, x, 7, 7, 8)
C#m7 (12, 9, 10, 11, 9), (x, 11, 10, 11, 9), (x, 11, 14, 14, 14), (x, 6, 7, 7, 9)
C#m7b5 (12, 9, 10, 10, 9), (x, 11, 10, 10, 9), (x, 11, 13, 14, 14), (x, 2, 5, 4, 5)
C#m9 (7, 11, 9, 7, 9), (7, 9, 9, 7, 11), (x, 11, 10, 14, 13), (x, 9, 9, 7, 11)
C#maj13 (x, 10, 11, 13, 11), (x, 11, 11, 13, 10)
C#maj7 (x, 11, 11, 8, 10), (x, 3, 6, 4, 6), (x, 6, 6, 4, 3), (x, x, 7, 8, 10)
C#maj7(b5) (x, 3, 6, 4, 5), (x, 5, 6, 4, 3)
C#maj7(-sharp5) (x, 11, 11, 12, 10), (x, 7, 7, 8, 10)
C#maj9 (12, 10, 9, 8, x), (x, 10, 9, 8, 11), (x, 11, 11, 15, 13), (x, 11, 9, 8, 10)
C#sus2 (x, x, 7, 6, 6)
C#sus4 (0, 4, 0, 4, 6), (0, 6, 7, 9, 6), (12, 11, 12, 11, 11), (x, x, 7, 9, 6)
