F (x, 7, 5, 5, 3), (x, x, 5, 5, 7)
F(add9) (x, 3, 2, 5, 5), (x, x, 0, 5, 7), (x, x, 2, 5, 5)
F13 (10, 0, 10, 9, 13), (10, 13, 10, 9, 0)
F5 (x, 3, 5, 5, 3)
F7 (x, 3, 2, 5, 1), (x, x, 8, 5, 7)
F7(addb9) (x, 4, 2, 5, 1), (x, 4, 8, 5, 7), (x, 7, 8, 5, 4)
F7(add#9) (x, 6, 8, 5, 7), (x, 7, 8, 5, 6)
F7(b5) (15, 13, 14, 11, x), (7, 3, 4, 3, 3)
F7sus4 (x, 3, 3, 5, 1), (x, 8, 8, 5, 8), (x, x, 3, 5, 1), (x, x, 8, 5, 8)
F9 (5, 3, 2, 0, 1), (x, 5, 2, 5, 1), (x, 5, 8, 5, 7), (x, 7, 8, 5, 5)
F9(b5) (5, 1, 2, 5, 1), (x, 5, 2, 5, 1), (x, 5, 8, 5, 7), (x, 7, 8, 5, 5)
Faug (x, 3, 6, 5, 7), (x, 7, 6, 5, 3), (x, 7, 6, 5, 7), (x, x, 6, 5, 7)
Faug7 (15, 11, 14, 15, x), (7, 3, 6, 3, 7)
Fdim (x, 3, 4, 5, 6), (x, 6, 4, 5, 3), (x, 6, 4, 5, 6), (x, x, 4, 5, 6)
Fdim7 (6, 0, 4, 5, 0), (6, 6, 4, 5, 0), (x, 6, 4, 5, 0)
Fm (x, 3, 5, 5, 6), (x, 6, 5, 5, 3), (x, 6, 5, 5, 6), (x, x, 5, 5, 6)
Fm(maj7) (6, 2, 5, 0, 3), (6, 3, 5, 0, 2), (6, 3, 5, 4, 3), (x, 6, 5, 5, 2)
Fm11 (5, 6, 3, 3, 3), (x, 6, 8, 5, 8), (x, 8, 8, 5, 6)
Fm6 (x, 3, 1, 5, 0), (x, 6, 5, 5, 0), (x, x, 7, 5, 6)
Fm7 (6, 3, 5, 3, 3), (6, 3, 5, 3, 6), (x, 3, 1, 0, 1)
Fm7b5 (15, 13, 13, 11, x), (6, 3, 4, 3, 3), (x, 6, 8, 5, 9), (x, 9, 8, 5, 6)
Fm9 (5, 1, 1, 0, 3), (5, 3, 1, 0, 1), (5, 3, 5, 3, 6), (6, 3, 5, 3, 5)
Fmaj7 (x, 3, 2, 5, 2), (x, 7, 9, 5, 7), (x, x, 2, 5, 2), (x, x, 9, 5, 7)
Fmaj9 (5, 3, 2, 0, 2), (x, 5, 2, 5, 2), (x, 5, 9, 5, 7), (x, 7, 9, 5, 5)
Fsus2 (x, 3, 5, 5, 5), (x, 5, 5, 5, 3), (x, 5, 5, 5, 5), (x, x, 5, 5, 5)
Fsus4 (x, 8, 10, 10, 10), (x, 8, 5, 5, 8), (x, 8, 5, 5, x), (x, x, 5, 5, 8)
