G (0, 2, 0, 0, 0) f=02000, (7, 8, 8, 9, 10) f=01123
G(add9) (7, 8, 8, 11, 10) f=01143, (7, 8, 8, 7, 8) f=02304
G11 (0, 5, 5, 0, 5) f=02304, (5, 6, 6, 9, 10) f=01134
G13 (0, 5, 0, 0, 2) f=04001, (0, 5, 4, 5, 5) f=02134
G5 (0, 2, 0, 3, 0) f=01020, (7, 8, 8, 9, x) f=01120
G6 (0, 2, 0, 0, 2) f=02003, (0, 2, 4, 5, 5) f=01344
G7 (0, 2, 0, 0, 3) f=01003, (0, 5, 4, 3, 5) f=03214
G7(add#9) (0, 5, 3, 0, 5) f=03104, (8, 11, 11, 9, 10) f=03412
G7(b5) (0, 1, 0, 0, 3) f=01004, (6, 8, 7, 7, 10) f=02114
G7sus4 (0, 2, 0, 1, 3) f=02014, (0, 5, 5, 3, 5) f=02314
G9 (0, 5, 2, 0, 5) f=03104, (7, 8, 11, 11, 10) f=01342
Gaug (0, 3, 0, 0, 1) f=03001, (7, 8, 9, 9, 10) f=01234
Gaug7 (0, 3, 0, 0, 3) f=02003, (0, 5, 4, 4, 5) f=02113
Gdim (10, 11, 13, 12, 12) f=01423, (6, 8, 7, 9, 9) f=02134
Gdim7 (0, 4, 3, 2, 5) f=03214, (5, 8, 7, 6, 9) f=03214
Gm (0, 2, 3, 3, 5) f=01224, (7, 8, 8, 9, 9) f=01123
Gm(add9) (7, 10, 8, 9, 9) f=04123, (7, 8, 8, 11, 9) f=01142
Gm(maj7) (3, 7, 4, 4, 6) f=04113, (7, 8, 8, 8, 9) f=01112
Gm11 (5, 8, 6, 7, 9) f=03124, (6, 6, 6, 7, 9) f=00014
Gm6 (0, 2, 3, 5, 5) f=01244, (5, 8, 8, 6, 9) f=02314
Gm7 (0, 5, 3, 3, 5) f=03114, (6, 8, 8, 7, 9) f=02314
Gm7b5 (0, 5, 3, 2, 5) f=03214, (6, 8, 7, 7, 9) f=02114
Gm9 (7, 11, 11, 9, 8) f=03421, (8, 10, 11, 9, 9) f=02311
Gmaj13 (0, 4, 0, 0, 4) f=03004, (4, 8, 5, 6, 5) f=04121
Gmaj7 (0, 2, 0, 0, 4) f=01004, (7, 8, 8, 8, 10) f=01113
Gmaj7(b5) (0, 1, 0, 0, 4) f=01004, (6, 8, 7, 8, 10) f=02134
Gmaj7(-sharp5) (0, 3, 0, 0, 4) f=01003, (7, 8, 9, 8, 10) f=01213
Gmaj9 (4, 8, 5, 8, 8) f=02134, (6, 7, 6, 6, 8) f=01002
Gsus2 (0, 2, 2, 3, 5) f=01124, (7, 8, 8, 9, 8) f=01121
Gsus4 (0, 2, 0, 1, 0) f=02010, (7, 8, 8, 9, 11) f=01124
