Bb (3, 0, 1, 1) f=3011, (3, 0, 5, 1) f=4044, (4, 4, 6, 7) f=1134, (8, 9, 9, 11) f=1224
Bb(add9) (3, 0, 3, 1) f=3041, (5, 0, 1, 1) f=4011, (6, 4, 6, 7) f=2134
Bb11 (3, 1, 5, 4) f=2143, (4, 3, 7, 5) f=1042, (8, 7, 7, 7) f=2111
Bb13 (0, 0, 1, 4) f=0013, (1, 0, 1, 3) f=1024, (3, 5, 5, 4) f=1342
Bb5 (3, 3, 1, 1) f=3411, (3, 3, 1, x) f=3410, (4, 4, 3, 7) f=1103
Bb6 (0, 0, 1, 1) f=0011, (11, 9, 11, 11) f=2134, (3, 0, 1, 3) f=4044, (3, 3, 5, 3) f=1131
Bb7 (1, 0, 1, 1) f=1023, (3, 3, 5, 4) f=1132, (8, 7, 9, 7) f=2131
Bb7(addb9) (3, 0, 2, 4) f=2013, (4, 7, 6, 8) f=1324, (8, 9, 12, 8) f=1241
Bb7(add#9) (14, 12, 14, 11) f=3241, (3, 0, 4, 4) f=2034, (7, 7, 6, 7) f=2314
Bb7(b5) (1, 0, 1, 0) f=1020, (3, 2, 5, 4) f=2143, (8, 7, 8, 7) f=2131
Bb7sus4 (1, 1, 1, 1) f=1111, (3, 1, 1, 4) f=4444, (4, 4, 7, 5) f=1142, (9, 7, 9, 7) f=3141
Bb9 (1, 0, 3, 0) f=1020, (3, 0, 3, 4) f=4044, (4, 7, 6, 3) f=1320, (6, 7, 6, 7) f=1324
Bbaug (3, 0, 1, 2) f=3012, (4, 5, 6, 7) f=1234, (8, 5, 6, 7) f=4123
Bbaug7 (1, 0, 1, 2) f=1023, (3, 4, 5, 4) f=1243, (8, 7, 10, 7) f=2141
Bbdim (3, 2, 4, 0) f=2130, (4, 3, 5, 7) f=2134, (7, 9, 8, 7) f=1321
Bbdim7 (2, 3, 5, 7) f=0124, (3, 2, 4, 3) f=2143, (3, 5, 4, 0) f=4440, (7, 6, 8, 7) f=2143
Bbm (11, 9, 9, 10) f=3112, (3, 3, 4, 1) f=4444, (4, 4, 5, 7) f=1124, (7, 9, 9, 10) f=1334
Bbm(add9) (4, 4, 5, 3) f=1120, (6, 4, 5, 7) f=3124, (7, 9, 9, 9) f=1333
Bbm(maj7) (3, 3, 4, 5) f=1123, (7, 8, 9, 7) f=1231, (7, 9, 9, 6) f=2341
Bbm11 (3, 1, 4, 4) f=2134, (7, 7, 7, 7) f=1111, (9, 9, 12, 10) f=1142
Bbm6 (11, 9, 11, 10) f=3142, (3, 3, 4, 3) f=1121, (3, 4, 5, 7) f=0124
Bbm7 (11, 9, 12, 10) f=3142, (3, 3, 4, 4) f=1123, (7, 7, 9, 7) f=1131
Bbm7b5 (3, 2, 4, 4) f=2134, (4, 7, 5, 3) f=1420, (7, 7, 8, 7) f=1121
Bbm9 (6, 7, 5, 7) f=2314, (7, 11, 7, 7) f=1311, (7, 7, 4, 7) f=2314
Bbmaj7 (2, 0, 1, 1) f=2011, (3, 0, 0, 1) f=3001, (3, 3, 5, 5) f=1134
Bbmaj9 (3, 0, 3, 5) f=1024, (5, 0, 1, 5) f=4044, (6, 5, 5, 7) f=1002, (8, 3, 4, 6) f=3012
Bbsus2 (3, 3, 3, 1) f=2341, (4, 4, 4, 7) f=1114, (6, 9, 9, 7) f=1342
Bbsus4 (3, 1, 1, 1) f=3111, (4, 4, 7, 7) f=1144, (9, 9, 9, 7) f=2341
