E (x, 6, 4, 4, 6)
E(add9) (x, 2, 1, 4, 4), (x, 4, 4, 4, 6), (x, 6, 4, 4, 4), (x, x, 1, 4, 4)
E13 (14, 11, 13, 11, 0), (14, 11, 13, 11, 12), (9, 0, 9, 8, 11), (9, 11, 9, 8, 0)
E7 (x, 2, 1, 4, 0), (x, 6, 4, 4, 0), (x, 6, 7, 4, 0)
E7(addb9) (x, 3, 1, 4, 0), (x, 3, 7, 4, 6)
E7(b5) (x, 8, 7, 4, 6)
E7sus4 (x, 2, 2, 4, 0), (x, 7, 4, 4, 0), (x, 7, 7, 4, 0), (x, x, 2, 4, 0)
E9 (x, 4, 1, 4, 0), (x, 4, 7, 4, 6), (x, 6, 7, 4, 4), (x, 6, 9, 6, 0)
E9(b5) (x, 4, 1, 4, 0), (x, 4, 7, 4, 6), (x, 6, 9, 6, 0)
Eaug (x, 2, 5, 4, 6), (x, 6, 5, 4, 2), (x, 6, 5, 4, 6), (x, x, 5, 4, 6)
Eaug7 (14, 10, 13, 12, 0), (6, 0, 5, 4, 0), (x, 6, 5, 4, 0)
Edim (x, 2, 3, 4, 5), (x, 5, 3, 4, 2), (x, 5, 3, 4, 5), (x, x, 3, 4, 5)
Edim7 (8, 5, 6, 4, x), (x, 14, 12, 10, 11)
Em (x, 2, 4, 4, 5), (x, 5, 4, 4, 2), (x, 5, 4, 4, 5), (x, x, 4, 4, 5)
Em(maj7) (14, 13, 0, 11, 13), (14, 13, 0, 11, 14), (14, 14, 0, 11, 13), (x, 5, 4, 4, 1)
Em11 (x, 5, 2, 4, 0), (x, 5, 7, 4, 7), (x, 7, 0, 4, 0)
Em6 (x, 2, 6, 4, 5), (x, 5, 6, 4, 2), (x, 5, 6, 4, 5), (x, x, 6, 4, 5)
Em7 (14, 12, 0, 11, 0), (14, 12, 0, 11, 14), (14, 14, 0, 11, 0), (x, 5, 4, 4, 0)
Em7b5 (5, 0, 3, 4, 0), (x, 5, 3, 4, 0), (x, 8, 0, 4, 0), (x, 8, 7, 4, 5)
Em9 (5, 0, 4, 4, 4), (5, 0, 4, 6, 2), (5, 2, 4, 6, 0), (5, 4, 4, 4, 0)
Emaj7 (x, 2, 1, 4, 1), (x, 6, 8, 4, 6), (x, x, 1, 4, 1), (x, x, 8, 4, 6)
Emaj9 (6, 4, 8, 4, 4), (x, 4, 1, 4, 1), (x, 4, 8, 4, 6), (x, 6, 8, 4, 4)
Esus2 (x, 2, 4, 4, 4), (x, 4, 4, 4, 2), (x, 4, 4, 4, 4), (x, x, 4, 4, 4)
Esus4 (14, 14, 14, 11, x), (x, 7, 4, 4, 7), (x, 7, 4, 4, x), (x, x, 4, 4, 7)
