D (x, 6, 2, 2, 0), (x, x, 2, 2, 4)
D(add9) (x, 2, 2, 4, 4), (x, 2, 2, 6, 2), (x, 4, 2, 2, 4), (x, 6, 2, 2, 2)
D11 (5, 0, 2, 2, 4), (5, 0, 2, 6, 0), (5, 2, 2, 0, 4), (5, 6, 2, 0, 0)
D13 (12, 9, 11, 12, 9), (7, 0, 4, 6, 0), (7, 6, 4, 0, 0), (7, 6, 7, 0, 9)
D5 (x, 2, 2, 2, x), (x, 2, 2, x, x), (x, x, 2, 2, 0)
D6 (x, 2, 4, 2, 4), (x, 2, 4, 6, 0), (x, 6, 4, 2, 0), (x, x, 4, 2, 4)
D7 (x, 2, 5, 2, 4), (x, 2, 5, 6, 0), (x, x, 5, 2, 4)
D7(addb9) (12, 12, 11, 15, 0), (12, 15, 11, 12, 0), (x, 2, 5, 3, 4), (x, 3, 5, 2, 4)
D7(add#9) (x, 2, 5, 5, 4), (x, 2, 5, 6, 3), (x, 5, 5, 2, 4), (x, 6, 5, 2, 3)
D7(b5) (x, 2, 5, 6, 6), (x, 6, 5, 2, 6), (x, 6, 5, 8, 0), (x, 8, 5, 6, 0)
D7sus4 (12, 12, 0, 9, 0), (12, 9, 0, 12, 0), (x, x, 5, 2, 5)
D9 (x, 2, 5, 4, 4), (x, 4, 5, 2, 4)
D9(b5) (x, 2, 5, 4, 4), (x, 2, 5, 6, 2), (x, 4, 5, 2, 4), (x, 6, 5, 2, 2)
Daug (x, x, 3, 2, 4)
Daug7 (12, 10, 11, 10, 10), (12, 10, 11, 12, 0), (12, 12, 11, 10, 0), (x, 10, 7, 6, 10)
Ddim (x, 2, 1, 2, 3), (x, 2, 1, 5, 0), (x, 5, 1, 2, 0), (x, x, 1, 2, 3)
Ddim7 (x, 2, 4, 5, 6), (x, 5, 4, 2, 6), (x, 5, 4, 8, 0), (x, 8, 4, 5, 0)
Dm (x, 2, 2, 5, 0), (x, 5, 2, 2, 0), (x, x, 2, 2, 3)
Dm(maj7) (12, 13, 10, 9, 0), (12, 9, 10, 13, 0)
Dm11 (x, 5, 5, 2, 5), (x, 5, 5, 7, 0), (x, 7, 5, 5, 0)
Dm6 (x, 2, 4, 2, 3), (x, 2, 4, 5, 0), (x, x, 4, 2, 3)
Dm7 (12, 12, 10, 9, 0), (12, 9, 10, 12, 0)
Dm7b5 (x, 8, 5, 5, 0)
Dmaj7 (x, 2, 6, 6, 0), (x, 2, 6, 6, 4), (x, 6, 6, 2, 0), (x, x, 6, 2, 4)
Dmaj9 (x, 2, 6, 4, 4), (x, 2, 6, 6, 2), (x, 4, 6, 2, 4), (x, 6, 6, 2, 2)
Dsus2 (x, 2, 2, 2, 2), (x, 2, 2, 4, 0)
