C# (x, 1, 1, 1, 3), (x, 1, 1, 5, 3), (x, x, 1, 1, 3)
C#(add9) (x, 1, 1, 3, 3), (x, 1, 1, 5, 1), (x, 3, 1, 1, 3), (x, 5, 1, 1, 1)
C#5 (x, 1, 1, 1, x), (x, 1, 1, x, x)
C#6 (x, 1, 3, 1, 3), (x, 1, 3, 5, 3), (x, x, 3, 1, 3)
C#7 (x, 1, 4, 1, 3), (x, 1, 4, 5, 3), (x, 5, 4, 1, 3), (x, x, 4, 1, 3)
C#7(addb9) (x, 1, 4, 2, 3)
C#7(add#9) (x, 1, 4, 4, 3), (x, 1, 4, 5, 2), (x, 5, 4, 1, 2)
C#7(b5) (11, 7, 10, 7, 9), (x, 1, 4, 5, 5), (x, 5, 4, 1, 5), (x, 7, 6, 5, 9)
C#7sus4 (11, 11, 11, 11, 11), (11, 8, 11, 8, 9), (x, 1, 4, 1, 4), (x, x, 4, 1, 4)
C#9 (x, 1, 4, 5, 1), (x, 3, 4, 1, 3)
C#9(b5) (x, 1, 4, 5, 1), (x, 3, 4, 1, 3), (x, 5, 4, 1, 1)
C#aug7 (x, 5, 6, 9, 9)
C#dim (x, 1, 0, 1, 2), (x, 1, 0, 4, 2), (x, 4, 0, 1, 2), (x, x, 0, 1, 2)
C#dim7 (11, 7, 9, 7, 8), (x, 1, 3, 4, 5), (x, 4, 3, 1, 5), (x, 7, 6, 4, 8)
C#m (x, 1, 1, 1, 2), (x, 1, 1, 4, 2), (x, 4, 1, 1, 2), (x, x, 1, 1, 2)
C#m(maj7) (11, 12, 13, 12, 14)
C#m11 (11, 11, 11, 11, 14), (11, 11, 11, 13, 14), (x, 1, 4, 4, 4), (x, 4, 4, 1, 4)
C#m6 (x, 1, 3, 1, 2), (x, 1, 3, 4, 2), (x, 4, 3, 1, 2), (x, x, 3, 1, 2)
C#m7b5 (14, 11, 0, 11, 11), (14, 11, 0, 13, 14), (x, 1, 4, 4, 5), (x, 4, 4, 1, 5)
C#m9 (11, 15, 13, 11, 14)
C#maj7 (x, 1, 5, 1, 3), (x, 1, 5, 5, 3), (x, 5, 5, 1, 3), (x, x, 5, 1, 3)
C#maj9 (x, 1, 5, 3, 3), (x, 1, 5, 5, 1), (x, 3, 5, 1, 3), (x, 5, 5, 1, 1)
C#sus2 (x, 3, 1, 1, 1), (x, x, 1, 1, 1)
C#sus4 (11, 8, 11, 8, 11), (11, 8, 11, x, x), (x, 1, 1, 1, 4), (x, x, 1, 1, 4)
