F# (x, 4, 4, 4, 4), (x, 4, 4, 4, 8), (x, 4, 4, 4, x), (x, x, 0, 4, 8)
F#(add9) (x, 4, 2, 1, 4), (x, 4, 4, 4, 6), (x, 8, 0, 4, 6), (x, 8, 0, 9, 6)
F#11 (7, 11, 0, 7, 8), (7, 11, 10, 9, 8), (7, 8, 0, 7, 11), (7, 8, 10, 9, 11)
F#13 (11, 11, 0, 13, 14), (11, 11, 0, 7, 8), (11, 14, 0, 13, 11), (11, 8, 0, 7, 11)
F#5 (x, 4, 0, 4, 4), (x, 4, 7, 4, 4), (x, x, 0, 4, 4), (x, x, 0, 4, x)
F#6 (x, 4, 0, 1, 1), (x, 4, 4, 4, 1), (x, 4, 4, 6, 4), (x, x, 0, 1, 1)
F#7 (x, 4, 0, 1, 2), (x, 4, 4, 4, 2), (x, 4, 4, 7, 4), (x, x, 0, 1, 2)
F#7(addb9) (x, 4, 1, 1, 2), (x, 4, 4, 7, 5), (x, 5, 0, 1, 2), (x, 8, 0, 7, 5)
F#7(add#9) (x, 4, 3, 1, 2), (x, 4, 4, 0, 2), (x, 4, 4, 7, 7), (x, 8, 0, 7, 7)
F#7(b5) (6, 4, 0, 3, 2), (x, 4, 4, 3, 2)
F#7sus4 (x, 4, 0, 2, 2), (x, 4, 5, 4, 2), (x, x, 0, 2, 2)
F#9 (x, 4, 2, 1, 2), (x, 4, 4, 7, 6), (x, 6, 0, 7, 8), (x, 8, 0, 7, 6)
F#9(b5) (x, 4, 4, 7, 6), (x, 6, 0, 7, 8), (x, 8, 0, 7, 6)
F#aug (x, 4, 0, 1, 0), (x, 4, 4, 5, 0), (x, 4, 4, 5, 4), (x, x, 0, 1, 0)
F#aug7 (6, 0, 0, 7, 4), (x, 4, 4, 5, 2), (x, 4, 4, 7, 0), (x, 8, 0, 7, 0)
F#dim (x, 4, 3, 3, 4), (x, 4, 6, 0, 4), (x, 4, 6, 0, 7), (x, x, 0, 3, 7)
F#dim7 (5, 4, 6, 6, 4), (x, 4, 3, 3, 1), (x, 4, 6, 6, 7), (x, 7, 6, 6, 4)
F#m (x, 4, 0, 4, 7), (x, 4, 3, 4, 4), (x, 4, 7, 0, 7)
F#m(maj7) (x, 4, 7, 8, 7)
F#m11 (x, 4, 3, 2, 2), (x, 4, 5, 0, 2), (x, 4, 5, 7, 7)
F#m6 (x, 4, 0, 0, 1), (x, 4, 3, 0, 1), (x, 4, 3, 4, 1), (x, x, 0, 0, 1)
F#m7 (x, 11, 0, 7, 7), (x, 4, 3, 4, 2), (x, 4, 7, 7, 7), (x, 7, 0, 7, 11)
F#m7b5 (5, 2, 0, 3, 2), (x, 4, 3, 3, 2), (x, 4, 6, 0, 2), (x, 4, 6, 7, 7)
F#m9 (14, 11, 14, 0, 14), (5, 4, 2, 4, 2)
F#maj7 (x, 4, 0, 1, 3), (x, 4, 4, 1, 3), (x, 4, 4, 4, 3), (x, x, 0, 1, 3)
F#maj9 (x, 4, 2, 1, 3), (x, 4, 4, 8, 6), (x, 6, 0, 8, 8), (x, 8, 0, 8, 6)
F#sus2 (x, 4, 0, 4, 6), (x, 4, 2, 4, 4), (x, 6, 0, 4, 6), (x, x, 0, 4, 6)
F#sus4 (x, 11, 0, 9, 9), (x, 4, 5, 4, 4), (x, 4, 5, 4, x), (x, 9, 0, 9, 11)
