Ab (1, 1, 3, 4) f=1134, (6, 7, 7, 5) f=2341, (6, 7, 7, 9) f=1224
Ab(add9) (3, 1, 3, 4) f=2134, (6, 9, 7, 5) f=2431, (9, 9, 12, 9) f=1141
Ab11 (12, 12, 12, 9) f=2341, (5, 4, 4, 4) f=2111, (7, 5, 4, 5) f=4213
Ab13 (1, 3, 3, 2) f=1342, (12, 11, 12, 14) f=2134, (6, 5, 9, 5) f=2141
Ab5 (1, 1, x, x) f=1100, (9, 7, 6, 6) f=2100, (9, 7, 7, 5) f=4231, (x, 7, 7, 5) f=0444
Ab6 (1, 1, 3, 1) f=1131, (1, 3, 3, 1) f=4444, (6, 4, 7, 5) f=3142, (9, 7, 9, 9) f=2134
Ab7 (1, 1, 3, 2) f=1132, (6, 5, 7, 5) f=2131, (9, 7, 10, 9) f=2143
Ab7(addb9) (1, 4, 3, 5) f=1324, (2, 4, 3, 4) f=1324, (6, 7, 10, 6) f=1241
Ab7(add#9) (12, 10, 12, 9) f=3241, (14, 11, 15, 15) f=4444, (4, 4, 3, 4) f=2314, (5, 4, 2, 4) f=4213
Ab7(b5) (1, 0, 3, 2) f=1032, (5, 4, 5, 4) f=2131, (8, 7, 10, 9) f=2143
Ab7sus4 (1, 1, 4, 2) f=1142, (1, 4, 4, 2) f=4444, (7, 5, 7, 5) f=3141, (9, 7, 10, 10) f=2134
Ab9 (1, 4, 3, 0) f=1320, (12, 9, 12, 9) f=3141, (14, 11, 14, 15) f=4444, (3, 4, 3, 4) f=1324
Abaug (1, 2, 3, 4) f=1234, (5, 2, 3, 4) f=4123, (6, 7, 8, 9) f=1234
Abaug7 (1, 2, 3, 2) f=1243, (1, 4, 3, 0) f=4440, (10, 7, 10, 9) f=3142, (6, 5, 8, 5) f=2141
Abdim (1, 0, 2, 4) f=1024, (5, 7, 6, 5) f=1321, (8, 10, 12, 8) f=1241
Abdim7 (1, 0, 2, 1) f=1032, (11, 7, 12, 8) f=3041, (4, 3, 5, 4) f=2143
Abm (1, 1, 2, 4) f=1124, (5, 7, 7, 5) f=1341, (5, 7, 7, 8) f=1334, (x, 7, 7, 8) f=0444
Abm(add9) (3, 1, 2, 4) f=3124, (5, 7, 7, 7) f=1333, (5, 9, 7, 5) f=1421
Abm(maj7) (1, 1, 2, 3) f=1123, (14, 10, 11, 12) f=4444, (5, 6, 7, 5) f=1231, (9, 7, 11, 8) f=3142
Abm11 (4, 4, 4, 4) f=1111, (5, 7, 4, 4) f=1200, (7, 7, 10, 8) f=1142
Abm6 (1, 1, 2, 1) f=1121, (5, 4, 7, 5) f=2143, (9, 7, 9, 8) f=3142
Abm7 (1, 1, 2, 2) f=1123, (5, 5, 7, 5) f=1131, (9, 7, 10, 8) f=3142
Abm7b5 (1, 0, 2, 2) f=1023, (14, 10, 10, 11) f=4444, (4, 4, 5, 4) f=1121, (8, 7, 10, 8) f=2143
Abm9 (3, 4, 2, 4) f=2314, (5, 7, 4, 7) f=1203, (5, 9, 5, 5) f=1311
Abmaj7 (1, 1, 3, 3) f=1134, (6, 6, 7, 5) f=2341, (9, 7, 11, 9) f=2143
Abmaj9 (13, 9, 12, 9) f=4131, (3, 5, 3, 4) f=1312, (4, 7, 4, 4) f=1411, (5, 5, 1, 4) f=4444
Absus2 (1, 1, 1, 4) f=1114, (4, 7, 7, 5) f=1342, (9, 7, 7, 7) f=3111
Absus4 (1, 1, 4, 4) f=1144, (7, 7, 7, 5) f=2341, (9, 12, 12, 12) f=1333, (x, 7, 7, 10) f=0444
