F (x, 3, 2, 1, 3), (x, 3, 2, 1, x), (x, 3, 5, 6, 7), (x, 7, 5, 6, 7)
F(add9) (0, 7, 5, 6, 5), (x, 3, 0, 6, 7), (x, 3, 2, 1, 5)
F11 (0, 7, 8, 6, 8), (0, 8, 8, 6, 7)
F13 (0, 1, 2, 3, 3), (0, 3, 2, 4, 0)
F5 (x, 3, 5, 6, x), (x, 3, x, 1, 3)
F6 (x, 3, 2, 1, 0), (x, 3, 2, 3, 0), (x, 3, 2, 3, 3), (x, 3, 2, 3, x)
F7 (x, 10, 10, 10, 13), (x, 3, 2, 1, 1), (x, 3, 2, 4, 1), (x, 3, 2, 4, 3)
F7(addb9) (x, 4, 2, 4, 3)
F7(add#9) (x, 3, 2, 4, 6), (x, 6, 2, 4, 3), (x, 7, 8, 6, 6)
F7(b5) (x, 3, 2, 0, 1), (x, 3, 4, 4, 7), (x, 9, 8, 6, 7)
F7sus4 (x, 10, 10, 11, 13), (x, 3, 3, 1, 1), (x, 3, 3, 4, 1), (x, 3, 3, 4, 3)
F9 (0, 3, 2, 4, 5), (0, 7, 8, 6, 5), (x, 3, 0, 4, 7), (x, 3, 2, 4, 5)
F9(b5) (5, 3, 2, 0, 1), (x, 3, 0, 4, 7), (x, 3, 2, 4, 5)
Faug (x, 3, 2, 2, 3), (x, 3, 6, 6, 7), (x, 7, 6, 6, 7)
Faug7 (x, 11, 10, 10, 13), (x, 3, 2, 2, 1), (x, 3, 6, 4, 7), (x, 7, 6, 4, 3)
Fdim (x, 3, 1, 0, 3), (x, 3, 4, 0, 6), (x, 3, 4, 6, 6)
Fdim7 (x, 3, 1, 0, 0)
Fm (x, 3, 1, 1, 3), (x, 3, 1, 1, x), (x, 3, 5, 6, 6), (x, 6, 5, 6, 6)
Fm(add9) (0, 5, 5, 6, 6), (0, 6, 5, 6, 5)
Fm(maj7) (6, 3, 5, 5, 3), (x, 3, 1, 1, 2), (x, 3, 5, 5, 6), (x, 6, 5, 5, 3)
Fm11 (0, 3, 3, 4, 6), (0, 6, 8, 6, 8), (x, 15, 13, 11, 13), (x, 3, 3, 4, 6)
Fm6 (x, 3, 1, 1, 0), (x, 3, 1, 3, 0), (x, 3, 1, 3, 3), (x, 3, 5, 3, 6)
Fm7 (x, 3, 1, 1, 1), (x, 3, 5, 4, 6)
Fm7b5 (6, 3, 4, 4, 3), (x, 3, 1, 0, 1), (x, 3, 4, 4, 6)
Fm9 (0, 3, 1, 4, 5), (0, 6, 8, 6, 5), (5, 1, 1, 1, 3), (5, 3, 1, 1, 1)
Fmaj13 (0, 3, 2, 3, 2), (0, 3, 2, 5, 0)
Fmaj7 (x, 10, 10, 10, 14), (x, 3, 2, 1, 2), (x, 3, 2, 5, 2), (x, 3, 2, 5, 3)
Fmaj7(b5) (x, 3, 2, 0, 2), (x, 9, 9, 6, 7)
Fmaj7(-sharp5) (x, 11, 10, 10, 14), (x, 3, 2, 2, 2)
Fmaj9 (0, 3, 2, 5, 5), (0, 7, 0, 5, 3), (x, 3, 0, 5, 7), (x, 3, 2, 5, 5)
Fsus2 (0, 10, 10, 8, 10), (0, 3, 0, 1, 3), (x, 3, 0, 1, 3), (x, 3, 0, 1, 5)
Fsus4 (x, 3, 3, 1, 3), (x, 3, 3, 1, x), (x, x, 10, 11, 10)
