G (5, 2, 4, 2, 0), (5, 7, 4, 7, 0), (x, 7, 4, 7, 0)
G(add9) (x, 7, 0, 9, 9), (x, 7, 4, 7, 7), (x, x, 0, 9, 9), (x, x, 4, 7, 7)
G11 (5, 0, 4, 2, 3), (5, 0, 4, 5, 0), (5, 2, 4, 0, 3), (5, 5, 4, 0, 0)
G13 (5, 5, 4, 4, 0)
G5 (5, 2, 0, 2, 5), (5, 7, 0, 7, 0)
G6 (5, 2, 4, 4, 0), (5, 4, 4, 2, 0), (5, 4, 4, 4, 0), (5, 7, 4, 4, 0)
G7 (5, 5, 4, 2, 0), (5, 5, 4, 5, 0)
G7(addb9) (5, 5, 0, 8, 9), (5, 5, 4, 8, 0), (5, 8, 4, 5, 0)
G7(add#9) (x, 10, 10, 7, 9), (x, 11, 10, 7, 8), (x, 7, 10, 10, 9), (x, 7, 10, 11, 8)
G7(b5) (5, 1, 4, 1, 3), (9, 5, 6, 5, 5), (9, 5, 6, 7, 5), (x, 5, 4, 1, 5)
G7sus4 (5, 0, 0, 0, 3), (5, 0, 0, 5, 3), (5, 0, 5, 0, 3), (5, 5, 0, 0, 3)
G9 (5, 5, 0, 9, 9), (5, 9, 0, 5, 9), (x, 7, 10, 9, 9), (x, 9, 10, 7, 9)
G9(b5) (5, 5, 0, 9, 9), (5, 9, 0, 5, 9), (x, 9, 10, 7, 9)
Gaug (5, 3, 4, 3, 5), (x, 7, 8, 7, 9)
Gaug7 (5, 3, 4, 3, 3), (5, 3, 4, 5, 3), (5, 3, 4, 5, x), (5, 5, 4, 3, x)
Gdim (5, 7, 6, 7, 8), (x, x, 0, 10, 11), (x, x, 6, 7, 8)
Gdim7 (5, 1, 3, 1, 2), (x, 1, 3, 4, 5), (x, 4, 3, 1, 5)
Gm (5, 2, 3, 2, 0), (5, 7, 3, 7, 0), (x, 7, 0, 10, 0)
Gm(maj7) (5, 2, 3, 6, 0), (5, 6, 3, 2, 0), (5, 6, 3, 6, 0), (5, 7, 3, 6, 0)
Gm11 (5, 0, 3, 5, 0), (5, 0, 3, 5, 3)
Gm6 (5, 2, 3, 2, 2), (5, 2, 3, 4, 0), (5, 4, 3, 2, 0), (5, 4, 3, 4, 0)
Gm7 (5, 5, 3, 5, 0)
Gm7b5 (8, 5, 6, 5, 5), (8, 5, 6, 7, 5), (x, 1, 3, 5, 5), (x, 5, 3, 1, 5)
Gm9 (5, 9, 7, 5, 8)
Gmaj7 (5, 6, 4, 6, 0), (5, 7, 4, 6, 0)
Gmaj9 (5, 9, 0, 6, 9), (x, 7, 11, 9, 9)
