G (6, 5, 5, 5, 5), (x, 0, 1, 2, 0), (x, 5, 5, 5, 5), (x, x, 1, 2, 0)
G(add9) (6, 5, 5, 0, 0), (x, 0, 3, 2, 5), (x, 5, 5, 5, 7)
G11 (6, 0, 5, 3, 3), (6, 3, 5, 3, 0), (x, 10, 11, 10, 9), (x, 5, 5, 3, 3)
G13 (6, 0, 5, 7, 3), (6, 3, 5, 7, 0), (x, 2, 1, 2, 3), (x, 3, 1, 2, 2)
G5 (x, 0, 1, x, x), (x, 5, x, 5, 5)
G6 (x, 0, 1, 2, 2)
G7 (6, 0, 5, 5, 3), (x, 0, 1, 2, 3), (x, 5, 5, 5, 3), (x, x, 1, 2, 3)
G7(addb9) (6, 0, 5, 8, 6), (6, 3, 2, 2, 0), (x, 5, 2, 2, 3), (x, 5, 5, 8, 6)
G7(add#9) (6, 0, 4, 2, 3), (6, 0, 5, 8, 8), (x, 5, 4, 2, 3), (x, 5, 5, 8, 8)
G7(b5) (6, 3, 5, 4, 3), (x, 3, 5, 4, 5), (x, 5, 5, 4, 3), (x, 5, 7, 8, 9)
G7sus4 (x, 0, 1, 3, 3), (x, 5, 6, 5, 3)
G9 (6, 0, 5, 0, 3), (6, 3, 5, 0, 0), (x, 5, 5, 0, 3), (x, 5, 5, 8, 7)
G9(b5) (6, 3, 5, 0, 5), (6, 5, 5, 0, 3), (x, 5, 3, 2, 3), (x, 5, 5, 0, 3)
Gaug (6, 5, 5, 6, 5), (x, x, 1, 2, 1)
Gaug7 (6, 3, 5, 6, 3), (x, 1, 1, 2, 3), (x, 5, 5, 6, 3), (x, 5, 9, 8, 9)
Gdim (6, 5, 4, 4, x), (x, 5, 4, 4, 5), (x, 5, 4, 4, x)
Gdim7 (6, 2, 4, 4, 2), (6, 8, 7, 7, 8), (x, 5, 4, 4, 2), (x, 5, 7, 7, 8)
Gm (x, 0, 1, 1, 0), (x, 5, 4, 5, 0), (x, 5, 4, 5, 5)
Gm(add9) (x, 0, 3, 1, 5), (x, 5, 4, 5, 7)
Gm(maj7) (0, 0, 1, 1, 4), (0, 5, 4, 5, 4), (6, 0, 4, 5, 4)
Gm11 (6, 0, 4, 3, 3), (x, 5, 4, 3, 3), (x, 5, 6, 8, 8)
Gm6 (6, 0, 4, 7, 0), (x, 0, 1, 1, 2), (x, 5, 4, 5, 2), (x, x, 1, 1, 2)
Gm7 (6, 0, 4, 5, 3), (x, 0, 1, 1, 3), (x, 5, 4, 5, 3)
Gm7b5 (6, 3, 4, 4, 3), (x, 3, 4, 4, 5), (x, 5, 4, 4, 3), (x, 5, 7, 8, 8)
Gm9 (6, 0, 4, 0, 3), (6, 3, 4, 0, 0), (x, 5, 4, 0, 3), (x, 7, 4, 8, 5)
Gmaj13 (0, 2, 1, 2, 4), (0, 5, 5, 7, 4)
Gmaj7 (0, 0, 1, 2, 4), (0, 5, 5, 5, 4), (6, 0, 5, 5, 4)
Gmaj7(b5) (0, 5, 5, 4, 4), (0, 9, 12, 10, 11)
Gmaj7(-sharp5) (0, 1, 1, 2, 4), (0, 5, 5, 6, 4)
Gmaj9 (0, 4, 3, 2, 5), (0, 5, 5, 0, 4), (6, 0, 5, 0, 4), (x, 5, 5, 0, 4)
Gsus2 (x, 0, 1, 0, 0), (x, 5, 3, 0, 0), (x, 5, 3, 5, 5)
Gsus4 (x, 0, 1, 3, 0), (x, x, 1, 3, 0)
