F (2, 3, 3, 1) f=2341, (5, 3, 0, 5) f=3104, (6, 8, 9, 9) f=1344
F(add9) (0, 3, 3, 5) f=0113, (6, 6, 9, 6) f=1141, (7, 8, 9, 9) f=0122
F11 (3, 1, 0, 1) f=4102, (9, 8, 9, 7) f=3241, (9, 9, 9, 6) f=2341
F13 (2, 1, 5, 1) f=2141, (9, 13, 13, 8) f=1330, (9, 8, 9, 11) f=2134
F5 (11, 11, 9, 9) f=3411, (5, 3, 3, x) f=3110, (6, 4, 4, 3) f=2110, (x, 3, 3, 1) f=0444
F6 (11, 11, 13, 11) f=1142, (2, 0, 3, 1) f=2031, (6, 5, 9, 6) f=1042
F7 (11, 11, 13, 12) f=1132, (2, 1, 3, 1) f=2131, (6, 4, 7, 6) f=2143, (x, 4, 7, 6) f=0444
F7(addb9) (11, 14, 13, 15) f=1324, (3, 4, 7, 3) f=1241, (9, 5, 9, 6) f=3142
F7(add#9) (1, 1, 0, 1) f=1203, (11, 8, 12, 12) f=2134, (9, 7, 9, 6) f=3241
F7(b5) (11, 8, 7, 8) f=4444, (2, 1, 2, 1) f=2131, (5, 4, 7, 6) f=2143, (9, 8, 9, 8) f=2131
F7sus4 (3, 1, 3, 1) f=3141, (6, 4, 7, 7) f=2134, (9, 9, 9, 9) f=1111
F9 (0, 1, 0, 1) f=0102, (11, 8, 11, 12) f=2134, (9, 6, 9, 6) f=3141
Faug (0, 3, 0, 1) f=0201, (2, 3, 4, 1) f=2341, (7, 8, 9, 10) f=1234
Faug7 (11, 12, 13, 12) f=1243, (2, 1, 4, 1) f=2141, (7, 4, 7, 6) f=3142
Fdim (1, 3, 2, 1) f=1321, (1, 3, 2, 4) f=1324, (5, 7, 9, 8) f=1243, (x, 3, 2, 4) f=0444
Fdim7 (1, 0, 2, 1) f=1032, (11, 10, 12, 11) f=2143, (4, 3, 5, 4) f=2143
Fm (1, 3, 3, 1) f=1341, (5, 3, 3, 4) f=3112, (6, 7, 9, 9) f=1244
Fm(add9) (0, 3, 3, 4) f=0112, (1, 3, 3, 3) f=1333, (11, 7, 11, 9) f=3142
Fm(maj7) (1, 2, 3, 1) f=1231, (10, 7, 9, 9) f=4123, (11, 11, 12, 13) f=1123
Fm11 (1, 1, 1, 1) f=1111, (11, 9, 12, 12) f=2144, (4, 4, 7, 5) f=1142
Fm6 (1, 0, 3, 1) f=1042, (11, 11, 12, 11) f=1121, (6, 4, 9, 5) f=2041
Fm7 (1, 1, 3, 1) f=1131, (11, 11, 12, 12) f=1123, (9, 7, 9, 9) f=2134
Fm7b5 (1, 1, 2, 1) f=1121, (11, 10, 12, 12) f=2134, (11, 7, 7, 8) f=4444, (9, 7, 9, 8) f=3142
Fm9 (11, 7, 11, 6) f=2130, (3, 4, 7, 5) f=0142, (3, 7, 3, 4) f=0201
Fmaj7 (11, 11, 13, 13) f=1133, (2, 3, 3, 0) f=1230, (6, 8, 9, 5) f=1340
Fmaj9 (0, 3, 0, 0) f=0300, (10, 6, 9, 6) f=4131, (11, 8, 11, 7) f=2130, (11, 8, 11, 7) f=4440
Fsus2 (0, 3, 3, 1) f=0341, (5, 3, 3, 3) f=3111, (6, 6, 9, 9) f=1144, (x, 3, 3, 3) f=0444
Fsus4 (3, 3, 3, 1) f=2341, (6, 4, 4, 7) f=3114, (6, 9, 9, 9) f=1333
