Bb (x, 8, 8, 8, 8), (x, x, 4, 5, 3)
Bb(add9) (x, 3, 4, 3, 0), (x, 8, 8, 8, 10)
Bb11 (9, 6, 9, 8, 0), (x, 1, 2, 1, 0), (x, 8, 8, 6, 6)
Bb13 (6, 0, 4, 8, 6), (6, 6, 4, 8, 0), (x, 6, 4, 5, 5), (x, 6, 8, 10, 8)
Bb5 (x, 3, 4, x, 3), (x, x, 4, 1, 3), (x, x, x, 1, 3)
Bb6 (x, 3, 4, 5, 5), (x, 8, 11, 10, 0), (x, 8, 8, 8, 5), (x, x, 4, 5, 5)
Bb7 (x, 3, 2, 1, 0), (x, 3, 4, 5, 6)
Bb7(addb9) (9, 0, 5, 5, 6), (9, 0, 5, 8, 6)
Bb7(add#9) (9, 0, 7, 8, 6), (x, 0, 4, 4, 6), (x, 8, 7, 5, 6), (x, 8, 8, 11, 11)
Bb7(b5) (9, 6, 8, 7, 6), (x, 2, 2, 1, 0), (x, 8, 8, 7, 6)
Bb7sus4 (x, 3, 2, 1, 1), (x, 3, 4, 6, 6), (x, 8, 9, 8, 6)
Bb9 (x, 6, 4, 3, 0), (x, 8, 8, 11, 10)
Bbaug (0, 4, 4, 5, 4), (0, 8, 8, 9, 8), (9, 0, 0, 9, 8), (x, x, 4, 5, 4)
Bbaug7 (0, 4, 2, 1, 0), (0, 4, 4, 5, 6), (9, 0, 0, 9, 6), (9, 0, 8, 9, 6)
Bbdim (x, 8, 7, 7, 8), (x, x, 4, 4, 2)
Bbdim7 (9, 5, 7, 7, 5), (x, 2, 4, 4, 5), (x, 8, 10, 10, 11), (x, 8, 7, 7, 5)
Bbm (9, 8, 7, 8, x), (x, 8, 7, 8, 8), (x, x, 4, 4, 3)
Bbm(add9) (x, 10, 11, 13, 11), (x, 8, 7, 8, 10)
Bbm(maj7) (9, 7, 7, 8, 7), (9, 8, 7, 8, 7), (x, 11, 11, 0, 8)
Bbm11 (9, 6, 7, 6, 6), (x, 11, 14, 13, 13), (x, 8, 7, 6, 6), (x, 8, 9, 11, 11)
Bbm6 (x, 3, 4, 4, 5), (x, 8, 7, 10, 8), (x, 8, 7, 8, 5), (x, x, 4, 4, 5)
Bbm7 (9, 6, 7, 8, 6), (x, 3, 4, 4, 6), (x, 8, 11, 11, 11), (x, 8, 7, 8, 6)
Bbm7b5 (9, 6, 7, 7, 6), (x, 11, 10, 11, 8), (x, 8, 10, 11, 11), (x, 8, 7, 7, 6)
Bbm9 (9, 10, 11, 11, 11), (x, 10, 14, 13, 11), (x, 6, 6, 4, 8)
Bbmaj13 (x, 0, 4, 0, 5), (x, 8, 8, 10, 7)
Bbmaj7 (9, 0, 8, 8, 7), (x, 3, 3, 1, 0), (x, 8, 8, 8, 7), (x, x, 4, 5, 7)
Bbmaj7(b5) (x, 2, 3, 1, 0), (x, 8, 8, 7, 7)
Bbmaj7(-sharp5) (0, 4, 3, 1, 0), (0, 8, 8, 9, 7)
Bbmaj9 (9, 0, 6, 0, 0), (9, 0, 6, 0, 7), (x, 0, 4, 3, 7), (x, 8, 6, 5, 7)
Bbsus2 (x, 8, 6, 8, 10), (x, 8, 6, 8, 8), (x, x, 4, 3, 3)
Bbsus4 (9, 8, 9, 8, 8), (x, x, 4, 6, 3)
