C (0, 2, 0, 1, 2), (0, 5, 5, 5, 5), (x, 10, 9, 8, 10), (x, x, 5, 5, 5)
C(add9) (0, 10, 9, 8, 12), (0, 2, 0, 1, 0), (x, x, 5, 3, 2)
C11 (0, 10, 10, 11, 14), (0, 2, 3, 1, 3)
C13 (0, 8, 5, 5, 7), (0, 8, 9, 10, 10), (5, 7, 5, 5, 8), (7, 8, 5, 5, 5)
C5 (0, 10, x, 8, 10), (0, 5, 5, 8, x), (x, x, 5, 8, 5), (x, x, x, 1, 5)
C6 (0, 10, 9, 10, 10), (0, 10, 9, 8, 7), (0, 5, 5, 5, 7), (x, x, 5, 5, 7)
C7 (0, 10, 9, 8, 8), (0, 5, 5, 5, 8), (0, 8, 9, 8, 10), (x, x, 5, 5, 8)
C7(addb9) (10, 14, 0, 11, 11), (10, 8, 9, 8, 11), (x, 10, 9, 11, 11)
C7(add#9) (0, 10, 9, 11, 13), (0, 2, 3, 1, 1), (10, 14, 0, 11, 13), (x, 10, 9, 11, 13)
C7(b5) (x, 10, 9, 7, 8), (x, 4, 3, 1, 2), (x, 8, 9, 7, 10)
C7sus4 (0, 5, 5, 6, 8), (0, 8, 10, 8, 10), (10, 8, 10, 8, 8), (x, x, 5, 6, 8)
C9 (0, 10, 9, 11, 12), (0, 2, 3, 1, 0), (10, 0, 9, 11, 0)
C9(b5) (10, 0, 9, 11, 0), (10, 0, 9, 11, 10), (10, 0, 9, 7, 8), (10, 8, 9, 7, 0)
Caug (x, 10, 9, 9, 10), (x, 2, 1, 1, 2), (x, 6, 5, 5, 6), (x, x, 5, 5, 6)
Caug7 (10, 8, 9, 9, 8), (x, 10, 9, 9, 8), (x, 6, 5, 5, 8), (x, 8, 9, 9, 10)
Cdim (x, 10, 8, 7, 10), (x, 10, 8, 7, x), (x, 4, 5, 4, 4), (x, x, 5, 4, 4)
Cdim7 (10, 7, 8, 7, 7), (x, 10, 8, 7, 7)
Cm (0, 1, 0, 1, 1), (0, 5, 5, 4, 5), (x, 10, 8, 8, 10), (x, x, 5, 4, 5)
Cm(add9) (0, 10, 8, 8, 12), (0, 5, 5, 4, 0)
Cm(maj7) (0, 10, 12, 12, 13), (0, 10, 8, 8, 9), (10, 13, 0, 0, 9), (x, 10, 8, 8, 9)
Cm11 (0, 1, 3, 1, 3), (0, 10, 10, 11, 13), (10, 0, 8, 6, 8), (10, 8, 8, 6, 0)
Cm6 (0, 10, 8, 10, 10), (0, 5, 5, 4, 7), (x, 10, 8, 8, 7)
Cm7 (0, 10, 12, 11, 13), (0, 10, 8, 8, 8), (10, 8, 8, 8, 8), (x, 10, 8, 8, 8)
Cm7b5 (10, 8, 8, 7, x), (x, 10, 11, 11, 13), (x, 10, 8, 7, 8), (x, 4, 3, 1, 1)
Cm9 (0, 1, 3, 1, 0), (0, 10, 8, 11, 12), (10, 0, 8, 8, 8), (10, 8, 8, 8, 0)
Cmaj13 (0, 10, 9, 0, 7), (0, 10, 9, 10, 9)
Cmaj7 (0, 10, 9, 8, 9), (0, 5, 5, 0, 2)
Cmaj7(b5) (x, 10, 9, 7, 9), (x, 4, 5, 0, 2)
Cmaj7(-sharp5) (x, 10, 9, 9, 9), (x, 6, 5, 0, 2)
Cmaj9 (0, 10, 9, 12, 12), (0, 2, 4, 1, 0), (10, 0, 9, 0, 0), (10, 0, 9, 8, 9)
Csus2 (0, 0, 0, 1, 0), (0, 5, 5, 3, 5), (x, x, 5, 3, 5)
Csus4 (0, 3, 0, 1, 3), (0, 5, 5, 6, 5), (x, 10, 10, 8, 10)
