F# (x, 10, 6, 6, 8), (x, 6, 6, 10, 8), (x, x, 6, 6, 8)
F#(add9) (x, 6, 3, 6, 6), (x, 6, 6, 8, 8), (x, 8, 6, 6, 8), (x, x, 3, 6, 6)
F#5 (x, 6, 6, 6, x), (x, 6, 6, x, x)
F#6 (x, 10, 8, 6, 8), (x, 6, 8, 10, 8), (x, 6, 8, 6, 8), (x, x, 8, 6, 8)
F#7 (x, 6, 9, 6, 8)
F#7(addb9) (5, 4, 0, 6, 8), (5, 6, 0, 4, 8), (x, 6, 9, 7, 8), (x, 7, 9, 6, 8)
F#7(add#9) (x, 6, 9, 9, 8)
F#7(b5) (8, 0, 9, 6, 8), (8, 6, 9, 0, 8), (x, 10, 9, 6, 10), (x, 6, 9, 10, 10)
F#7sus4 (x, 6, 4, 6, 2), (x, x, 4, 6, 2)
F#9 (x, 10, 9, 6, 6), (x, 6, 9, 10, 6), (x, 6, 9, 8, 8), (x, 8, 9, 6, 8)
F#9(b5) (x, 6, 9, 10, 6), (x, 6, 9, 8, 8), (x, 8, 9, 6, 8)
F#aug (x, 6, 3, 6, 0), (x, 6, 7, 6, 8), (x, x, 3, 6, 0), (x, x, 7, 6, 8)
F#aug7 (8, 6, 7, 4, 0), (8, 6, 9, 6, 0), (x, 10, 9, 6, 0), (x, 6, 9, 10, 0)
F#dim (x, 9, 5, 6, 7)
F#dim7 (x, 6, 8, 9, 10), (x, 9, 8, 6, 10)
F#m (x, 6, 6, 6, 7), (x, 6, 6, 9, 7), (x, 9, 6, 6, 7), (x, x, 6, 6, 7)
F#m(maj7) (7, 5, 6, 6, x), (7, 6, 6, 5, x), (x, 1, 2, 5, 4)
F#m11 (6, 6, 9, 9, 9), (6, 9, 9, 6, 9), (x, 9, 9, 6, 9)
F#m6 (x, 6, 8, 9, 7), (x, x, 8, 6, 7)
F#m7 (7, 4, 6, 4, 4)
F#m7b5 (7, 0, 5, 4, 4), (7, 4, 5, 0, 4), (x, 6, 9, 9, 10), (x, 9, 9, 6, 10)
F#m9 (7, 4, 6, 8, 4)
F#maj7 (x, 6, 10, 10, 8), (x, 6, 3, 6, 3), (x, x, 10, 6, 8), (x, x, 3, 6, 3)
F#maj9 (x, 6, 10, 8, 8), (x, 8, 10, 6, 8)
F#sus4 (9, 6, 6, 6, 9), (9, 6, 6, x, x), (x, x, 6, 6, 9)
