E (x, 2, 2, 2, 2), (x, 2, 2, 2, 6), (x, 2, 2, 2, x), (x, 6, 5, 7, 6)
E(add9) (0, 2, 2, 2, 4), (0, 6, 5, 7, 4), (x, 2, 0, 2, 6), (x, 2, 2, 2, 4)
E11 (0, 2, 2, 0, 0), (0, 7, 8, 7, 6), (7, 0, 5, 7, 7), (7, 7, 5, 7, 0)
E13 (0, 0, 2, 4, 2), (0, 12, 10, 11, 11), (15, 11, 14, 14, 0), (7, 0, 7, 7, 9)
E5 (x, 2, 5, 2, 2), (x, 2, x, 2, 2), (x, 9, 10, x, 9), (x, x, x, 7, 9)
E6 (x, 2, 2, 4, 6), (x, 2, 5, 4, 6), (x, 6, 7, 7, 9)
E7 (x, 2, 2, 2, 0), (x, 2, 2, 5, 0), (x, 2, 2, 5, 2), (x, 6, 8, 7, 9)
E7(addb9) (15, 12, 11, 11, 0), (15, 14, 11, 11, 0), (x, 14, 11, 11, 12), (x, 2, 2, 5, 3)
E7(add#9) (15, 12, 13, 11, 0), (x, 14, 13, 11, 12), (x, 2, 2, 5, 5), (x, 6, 8, 7, 5)
E7(b5) (x, 2, 2, 1, 0), (x, 2, 4, 5, 6), (x, 6, 8, 7, 8)
E7sus4 (x, 2, 3, 0, 0), (x, 2, 3, 2, 0), (x, 2, 5, 0, 0)
E9 (0, 2, 2, 5, 4), (0, 6, 0, 5, 2), (x, 2, 0, 5, 6)
E9(b5) (15, 12, 12, 11, 0), (x, 14, 12, 11, 12), (x, 2, 0, 5, 6), (x, 2, 2, 5, 4)
Eaug7 (7, 0, 6, 7, 0), (x, 10, 10, 11, 12), (x, 2, 2, 3, 0), (x, 2, 6, 5, 6)
Edim (x, 2, 1, 1, 2), (x, 2, 1, 1, 5), (x, 2, 1, 1, x)
Edim7 (15, 11, 13, 13, 11), (x, 2, 4, 4, 5), (x, 5, 4, 4, 2)
Em (x, 2, 1, 2, 2), (x, 2, 1, 2, x)
Em(add9) (0, 2, 1, 2, 4), (0, 4, 5, 7, 5)
Em(maj7) (x, 2, 5, 6, 5), (x, 5, 5, 6, 2), (x, 9, 10, 10, 13)
Em11 (0, 2, 1, 0, 0), (0, 2, 3, 5, 5), (x, 2, 1, 0, 0), (x, 2, 3, 5, 5)
Em6 (x, 2, 1, 4, 2), (x, 2, 5, 4, 5), (x, 9, 10, 10, 11)
Em7 (x, 2, 1, 2, 0), (x, 2, 5, 5, 5), (x, 9, 10, 10, 12)
Em7b5 (6, 0, 4, 7, 0), (x, 2, 1, 1, 0), (x, 2, 4, 5, 5), (x, 5, 4, 5, 2)
Em9 (0, 12, 12, 10, 14), (0, 5, 0, 5, 2), (5, 2, 1, 2, 0), (5, 5, 5, 7, 0)
Emaj13 (0, 11, 10, 11, 13), (0, 13, 10, 11, 11)
Emaj7 (x, 2, 2, 2, 1), (x, 2, 2, 6, 2), (x, 2, 2, 6, 6), (x, 6, 9, 7, 9)
Emaj7(b5) (x, 2, 2, 1, 1), (x, 6, 9, 7, 8)
Emaj7(-sharp5) (x, 10, 10, 11, 13), (x, 2, 2, 3, 1)
Emaj9 (0, 14, 12, 11, 13), (0, 6, 0, 6, 2), (x, 2, 0, 6, 6), (x, 2, 2, 6, 4)
Esus2 (0, 2, 0, 2, 2), (0, 9, 10, 9, 9), (x, 2, 0, 2, 2), (x, 2, 0, 2, 4)
Esus4 (x, 2, 3, 2, x), (x, 7, 5, 7, 7)
