Eb (0, 1, 1, 3) f=0113, (4, 6, 7, 7) f=1344, (9, 9, 11, 12) f=1134, (x, 1, 1, 3) f=0444
Eb(add9) (0, 1, 1, 1) f=0111, (4, 4, 7, 4) f=1141, (8, 9, 9, 12) f=0114
Eb11 (0, 1, 4, 4) f=0144, (7, 7, 7, 4) f=2341, (9, 7, 11, 10) f=2143
Eb13 (7, 11, 11, 6) f=1330, (7, 6, 7, 9) f=2134, (9, 11, 11, 10) f=1342
Eb5 (3, 1, 1, x) f=3110, (9, 9, 7, 7) f=3411, (9, 9, 8, 12) f=1103, (x, x, 7, 7) f=0044
Eb6 (0, 1, 3, 0) f=0120, (6, 9, 7, 9) f=0314, (9, 9, 11, 9) f=1131
Eb7 (0, 1, 4, 0) f=0130, (7, 6, 7, 7) f=2134, (9, 9, 11, 10) f=1132
Eb7(addb9) (0, 1, 4, 0) f=0140, (9, 12, 11, 13) f=1324, (9, 6, 5, 4) f=4210, (9, 6, 8, 10) f=4444
Eb7(add#9) (0, 1, 4, 2) f=0142, (12, 12, 11, 12) f=4444, (7, 5, 7, 4) f=3241, (9, 6, 10, 10) f=2134
Eb7(b5) (0, 1, 4, 5) f=0134, (7, 6, 7, 6) f=2131, (9, 8, 11, 10) f=2143
Eb7sus4 (3, 1, 4, 4) f=2144, (7, 7, 7, 7) f=1111, (9, 9, 12, 10) f=1142
Eb9 (0, 1, 4, 1) f=0141, (11, 12, 11, 12) f=1324, (9, 6, 9, 10) f=2134
Eb9(b5) (0, 1, 4, 1) f=0444
Ebaug (0, 1, 2, 3) f=0123, (4, 1, 2, 3) f=4123, (9, 10, 11, 12) f=1234, (x, 1, 2, 3) f=0444
Ebaug7 (4, 1, 4, 3) f=3142, (6, 10, 7, 10) f=0314, (9, 10, 11, 10) f=1243
Ebdim (2, 1, 0, 2) f=2103, (9, 5, 4, 6) f=4102, (9, 8, 10, 12) f=2134, (x, 1, 0, 2) f=0404
Ebdim7 (2, 1, 3, 2) f=2143, (6, 5, 7, 6) f=2143, (9, 5, 4, 9) f=3104
Ebm (3, 1, 1, 2) f=3112, (4, 5, 7, 7) f=1244, (9, 9, 10, 12) f=1124
Ebm(add9) (12, 9, 9, 12) f=3114, (3, 4, 0, 1) f=2301, (9, 5, 9, 7) f=3142
Ebm(maj7) (4, 2, 7, 3) f=2041, (8, 5, 7, 7) f=4123, (9, 9, 10, 11) f=1123
Ebm11 (1, 1, 4, 2) f=1142, (7, 5, 7, 5) f=3141, (9, 7, 10, 10) f=2133
Ebm6 (3, 1, 3, 2) f=3142, (6, 5, 7, 7) f=2134, (9, 9, 10, 9) f=1121
Ebm7 (3, 1, 4, 2) f=3142, (7, 5, 7, 7) f=2134, (9, 5, 5, 7) f=4444, (9, 9, 10, 10) f=1123
Ebm7b5 (2, 1, 4, 2) f=2143, (7, 5, 7, 6) f=3142, (9, 8, 10, 10) f=2134
Ebm9 (0, 4, 0, 1) f=0201, (11, 12, 10, 12) f=2314, (9, 5, 9, 4) f=2130
Ebmaj7 (0, 1, 5, 0) f=0130, (4, 3, 7, 4) f=1042, (9, 9, 11, 11) f=1134
Ebmaj9 (0, 1, 5, 1) f=0141, (8, 4, 7, 4) f=4131, (9, 6, 9, 5) f=2130
Ebsus2 (3, 1, 1, 1) f=3111, (4, 4, 7, 7) f=1144, (9, 9, 9, 12) f=1114, (x, 1, 1, 1) f=0444
Ebsus4 (3, 1, 1, 4) f=3114, (4, 7, 7, 7) f=1333, (9, 9, 12, 12) f=1144
