F (x, 3, 3, 3, 3), (x, 3, 3, 3, 7), (x, 3, 6, 0, 3), (x, 7, 6, 8, 7)
F(add9) (x, 3, 1, 0, 3), (x, 3, 3, 0, 5), (x, 3, 3, 3, 5), (x, 5, 6, 0, 3)
F11 (8, 10, 9, 8, 8), (8, 8, 9, 8, 10), (x, 3, 3, 1, 1), (x, 8, 9, 8, 7)
F13 (8, 0, 9, 8, 10), (8, 10, 9, 8, 0), (x, 13, 11, 12, 12), (x, 7, 9, 8, 0)
F5 (x, 10, 11, x, 10), (x, 3, 6, 3, 3), (x, 3, x, 3, 3)
F6 (x, 3, 3, 0, 0), (x, 3, 3, 3, 0), (x, 3, 3, 5, 0)
F7 (x, 1, 3, 3, 3), (x, 3, 3, 3, 1), (x, 3, 3, 6, 3)
F7(addb9) (x, 3, 0, 0, 1), (x, 3, 0, 6, 7), (x, 3, 3, 6, 4), (x, 4, 3, 6, 3)
F7(add#9) (x, 15, 15, 11, 13), (x, 3, 2, 0, 1), (x, 3, 3, 6, 6), (x, 6, 3, 6, 3)
F7(b5) (x, 1, 3, 2, 3), (x, 3, 3, 2, 1), (x, 3, 5, 0, 1), (x, 3, 5, 6, 7)
F7sus4 (x, 1, 4, 3, 3), (x, 3, 4, 1, 1), (x, 3, 4, 3, 1), (x, 3, 4, 6, 3)
F9 (6, 3, 3, 6, 3), (x, 3, 1, 0, 1), (x, 3, 3, 6, 5), (x, 5, 3, 6, 3)
F9(b5) (x, 3, 3, 6, 5)
Faug (x, 3, 3, 4, x), (x, 3, 7, 0, 7)
Faug7 (x, 1, 3, 4, 3), (x, 3, 3, 4, 1), (x, 3, 7, 6, 7), (x, 7, 7, 6, 3)
Fdim (x, 3, 2, 2, 3), (x, 3, 2, 2, x)
Fdim7 (x, 0, 2, 2, 3), (x, 3, 2, 2, 0), (x, 3, 5, 5, 6), (x, 6, 5, 5, 3)
Fm (x, 3, 2, 3, 3), (x, 3, 2, 3, 6), (x, 3, 2, 3, x)
Fm(add9) (x, 3, 2, 3, 5), (x, 5, 6, 8, 6)
Fm(maj7) (x, 10, 11, 11, 14), (x, 6, 6, 7, 3)
Fm11 (6, 6, 9, 8, 8), (6, 8, 9, 8, 6), (x, 3, 2, 1, 1), (x, 3, 4, 6, 6)
Fm6 (x, 3, 2, 3, 0), (x, 3, 2, 5, 0), (x, 3, 2, 5, 3), (x, 3, 6, 5, 6)
Fm7 (x, 10, 11, 11, 13), (x, 3, 2, 3, 1), (x, 3, 6, 6, 6), (x, 6, 6, 6, 3)
Fm7b5 (x, 3, 2, 2, 1), (x, 3, 5, 6, 6), (x, 6, 5, 6, 3), (x, 6, 9, 8, 9)
Fm9 (6, 10, 9, 8, 6), (6, 6, 9, 8, 10), (x, 13, 13, 11, 15), (x, 15, 13, 11, 13)
Fmaj13 (x, 12, 11, 12, 14), (x, 7, 10, 8, 0)
Fmaj7 (x, 3, 3, 0, 2), (x, 3, 3, 3, 2), (x, 3, 6, 0, 2), (x, 7, 10, 8, 10)
Fmaj7(b5) (x, 3, 3, 2, 2), (x, 7, 10, 8, 9)
Fmaj7(-sharp5) (x, 11, 11, 12, 14), (x, 3, 3, 4, 2)
Fmaj9 (6, 3, 3, 0, 2), (x, 2, 1, 0, 3), (x, 3, 1, 0, 2), (x, 3, 3, 7, 5)
Fsus2 (x, 3, 1, 3, 3), (x, 3, 1, 3, 5), (x, 3, 1, 3, x)
Fsus4 (x, 3, 4, 3, x), (x, 8, 6, 8, 8), (x, x, 11, 13, 10)
