E (1, 2, 2, 0) f=1230, (1, 2, 2, 4) f=1224, (5, 7, 8, 8) f=1344, (x, 2, 2, 4) f=0444
E(add9) (1, 2, 2, 2) f=1333, (10, 10, 12, 9) f=1120, (5, 5, 8, 5) f=1141
E11 (1, 0, 0, 0) f=1000, (8, 7, 6, 6) f=2100, (8, 8, 8, 5) f=2341
E13 (1, 0, 4, 0) f=1040, (8, 12, 12, 7) f=1330, (8, 7, 5, 4) f=4310
E5 (10, 10, 8, 8) f=3411, (4, 2, 2, 0) f=4120, (5, x, 8, 8) f=1044, (x, 2, 2, 0) f=0440
E6 (10, 10, 12, 10) f=1131, (4, 2, 4, 4) f=2134, (5, 7, 5, 4) f=1420
E7 (1, 0, 2, 0) f=1020, (10, 10, 12, 11) f=1132, (5, 7, 6, 4) f=1320
E7(addb9) (1, 3, 5, 0) f=1240, (10, 13, 12, 14) f=1324, (8, 7, 9, 6) f=2130
E7(add#9) (10, 7, 11, 11) f=2134, (5, 7, 6, 5) f=0440, (8, 6, 8, 5) f=3241, (8, 7, 11, 6) f=2140
E7(b5) (1, 0, 1, 0) f=1020, (10, 7, 6, 7) f=4444, (4, 7, 6, 3) f=1430, (8, 7, 8, 7) f=2131
E7sus4 (2, 0, 2, 0) f=2030, (4, 0, 0, 0) f=3000, (8, 8, 8, 8) f=1111, (x, 2, 5, 5) f=0444
E9 (1, 4, 5, 0) f=1340, (10, 7, 10, 11) f=2134, (8, 5, 8, 5) f=3141
Eaug (1, 2, 3, 0) f=1230, (1, 2, 3, 4) f=1234, (5, 2, 3, 4) f=4123
Eaug7 (1, 0, 3, 0) f=1030, (10, 11, 12, 11) f=1243, (10, 7, 6, 9) f=4444, (6, 7, 6, 5) f=1320
Edim (0, 2, 1, 0) f=0210, (0, 2, 1, 3) f=0213, (4, 6, 8, 7) f=1243
Edim7 (10, 9, 11, 10) f=2143, (2, 3, 5, 7) f=0124, (3, 5, 4, 0) f=1320
Em (0, 2, 2, 0) f=0230, (0, 2, 2, 3) f=0112, (5, 6, 8, 8) f=1244
Em(add9) (0, 2, 2, 2) f=0111, (0, 4, 2, 0) f=0310, (13, 10, 10, 13) f=3114
Em(maj7) (0, 1, 2, 0) f=0120, (10, 10, 11, 12) f=1123, (9, 6, 8, 8) f=4123
Em11 (0, 0, 0, 0) f=0000, (10, 8, 11, 11) f=2144, (5, 8, 6, 5) f=0310
Em6 (10, 10, 11, 10) f=1121, (4, 2, 4, 3) f=3142, (4, 5, 4, 0) f=1320
Em7 (0, 0, 2, 0) f=0020, (10, 10, 11, 11) f=1123, (10, 6, 6, 8) f=4444, (8, 6, 8, 8) f=2134
Em7b5 (0, 0, 1, 0) f=0010, (10, 9, 11, 11) f=2134, (3, 5, 5, 0) f=1340
Em9 (0, 4, 5, 0) f=0120, (12, 13, 11, 13) f=2314, (8, 6, 10, 5) f=2140
Emaj7 (1, 1, 2, 0) f=1230, (10, 10, 12, 12) f=1133, (5, 7, 7, 4) f=1340
Emaj9 (10, 7, 10, 6) f=2130, (9, 5, 8, 5) f=4131, (9, 7, 10, 6) f=3140
Esus2 (10, 10, 10, 13) f=1114, (4, 2, 2, 2) f=3111, (5, 5, 8, 8) f=1144, (x, 2, 2, 2) f=0444
Esus4 (2, 2, 2, 0) f=2340, (4, 2, 0, 0) f=3100, (5, 8, 8, 8) f=1333
