C# (9, 11, 11, 11, 11), (9, 6, 7, 8, 6), (x, 11, 11, 11, 11), (x, x, 7, 8, 6)
C#(add9) (9, 6, 9, 8, 6), (9, 6, 9, 8, x), (x, 11, 9, 8, 11), (x, x, 7, 6, 3)
C#11 (13, 11, 0, 11, 9), (13, 9, 0, 11, 11), (9, 6, 0, 8, 9), (9, 9, 0, 8, 6)
C#13 (6, 6, 7, 8, 9), (6, 9, 7, 8, 6), (7, 11, 11, 11, 8), (7, 8, 11, 11, 11)
C#5 (x, 11, 7, 11, 11), (x, x, 7, 4, 6), (x, x, x, 4, 6)
C#6 (9, 8, 11, 11, 8), (9, 8, 11, 8, 8), (x, 11, 11, 11, 8), (x, x, 7, 8, 8)
C#7 (9, 9, 11, 11, 9), (x, 11, 11, 11, 9), (x, 11, 11, 8, 9), (x, x, 7, 8, 9)
C#7(addb9) (9, 0, 7, 8, 9), (9, 0, 8, 8, 9), (9, 9, 7, 8, 0)
C#7(add#9) (9, 9, 10, 8, x), (x, 11, 10, 8, 9), (x, 11, 11, 14, 14), (x, 11, 11, 7, 9)
C#7(b5) (9, 5, 5, 8, 5), (9, 9, 11, 10, 9), (9, 9, 5, 8, 5), (x, 11, 11, 10, 9)
C#7sus4 (9, 6, 0, 9, 9), (9, 9, 0, 9, 6), (x, 11, 12, 11, 9), (x, x, 7, 9, 9)
C#9 (9, 9, 11, 11, 13), (9, 9, 9, 8, x), (x, 11, 11, 14, 13), (x, 11, 9, 8, 9)
C#9(b5) (9, 9, 9, 8, x), (x, 11, 9, 8, 9)
C#aug (9, 11, 11, 0, 7), (9, 7, 11, 0, 7), (9, 7, 7, 8, 7), (x, x, 7, 8, 7)
C#aug7 (9, 9, 11, 0, 7), (9, 9, 7, 8, 7), (x, 11, 11, 12, 9)
C#dim (9, 11, 10, 10, 11), (9, 5, 7, 7, 5), (x, 11, 10, 10, 11), (x, x, 7, 7, 5)
C#dim7 (9, 8, 10, 10, 8), (9, 8, 10, 10, x), (x, 11, 10, 10, 8), (x, 2, 4, 4, 5)
C#m (9, 6, 10, 7, 6)
C#m(maj7) (9, 10, 6, 7, 6), (9, 6, 6, 7, 6), (9, 6, 6, 7, x), (x, 11, 10, 11, 10)
C#m11 (9, 6, 0, 7, 9), (x, 11, 10, 9, 9)
C#m7 (9, 11, 10, 11, 9), (x, 11, 10, 11, 9)
C#m7b5 (9, 9, 10, 10, 9), (9, 9, 5, 7, 5), (x, 11, 10, 10, 9)
C#m9 (11, 11, 14, 14, 14), (9, 13, 10, 11, 9), (9, 6, 10, 6, 9), (9, 9, 10, 11, 13)
C#maj7 (9, 6, 6, 8, 6), (x, 11, 11, 11, 10), (x, 11, 11, 8, 10), (x, x, 7, 8, 10)
C#maj9 (9, 10, 11, 11, 13), (9, 10, 9, 8, x), (9, 13, 11, 11, 10), (x, 11, 9, 8, 10)
C#sus2 (9, 6, 7, 6, 6), (9, 6, 9, 6, 6)
C#sus4 (9, 6, 0, 9, 6), (x, x, 7, 9, 6)
