C (x, 5, 0, 0, 2), (x, x, 0, 0, 2)
C(add9) (x, 0, 0, 0, 2), (x, 0, 5, 0, 2), (x, 2, 0, 0, 0), (x, 2, 5, 0, 0)
C11 (5, 2, 3, 0, 3), (5, 3, 3, 0, 2)
C13 (10, 7, 9, 7, 8), (5, 7, 9, 0, 8), (5, 8, 9, 0, 7), (7, 8, 9, 0, 5)
C5 (x, 5, 0, 0, 5), (x, x, 0, 0, 5), (x, x, 5, 0, 5)
C7(addb9) (10, 11, 9, 0, 8), (10, 8, 9, 0, 11), (x, 11, 9, 0, 8), (x, 8, 9, 0, 11)
C7(add#9) (x, 1, 3, 0, 2)
C7(b5) (x, 2, 3, 0, 4), (x, 4, 3, 0, 2), (x, 4, 5, 4, 8), (x, 8, 5, 4, 4)
C7sus4 (x, 3, 3, 0, 3), (x, 3, 3, 0, 5), (x, 5, 3, 0, 3), (x, x, 3, 0, 3)
C9 (10, 8, 9, 0, 0), (x, 0, 3, 0, 2), (x, 2, 3, 0, 0)
C9(b5) (10, 0, 9, 0, 8), (10, 8, 9, 0, 0), (x, 0, 3, 0, 2), (x, 2, 3, 0, 0)
Caug (x, 2, 1, 0, 2), (x, 2, 1, 0, x), (x, x, 1, 0, 2), (x, x, 9, 0, 6)
Cdim (x, 1, 5, 0, 4), (x, 4, 5, 0, 1), (x, 4, 8, 0, 4), (x, x, 8, 0, 4)
Cdim7 (x, 1, 2, 0, 4), (x, 4, 2, 0, 1), (x, 4, 5, 3, 7), (x, 7, 5, 3, 4)
Cm (x, 1, 0, 0, 1), (x, 1, 0, 0, 5), (x, 1, 0, 0, x), (x, x, 0, 0, 1)
Cm(maj7) (x, 1, 4, 0, 5), (x, 5, 4, 0, 1), (x, 5, 8, 0, 9), (x, 9, 8, 0, 5)
Cm11 (10, 13, 10, 10, 0), (10, 13, 10, 10, 10), (x, 1, 3, 0, 3), (x, 3, 3, 0, 1)
Cm6 (x, 1, 2, 0, 1), (x, 1, 2, 0, x), (x, x, 2, 0, 1), (x, x, 8, 0, 7)
Cm7 (x, 1, 3, 0, 5), (x, 5, 3, 0, 1), (x, 5, 8, 0, 8), (x, 8, 8, 0, 5)
Cm7b5 (13, 10, 11, 10, 10), (13, 10, 11, 10, 13), (x, 1, 3, 0, 4), (x, 4, 3, 0, 1)
Cm9 (10, 0, 0, 10, 13), (10, 0, 8, 7, 8), (10, 13, 0, 10, 0), (10, 8, 8, 7, 0)
Cmaj7 (x, 2, 4, 0, 2), (x, 2, 4, 0, 5), (x, 5, 4, 0, 2), (x, x, 4, 0, 2)
Cmaj9 (10, 0, 9, 0, 9), (10, 9, 9, 0, 0), (x, 0, 4, 0, 2), (x, 2, 4, 0, 0)
Csus2 (x, 0, 0, 0, 0), (x, 0, 0, 0, 5), (x, 5, 0, 0, 0), (x, x, 0, 0, 0)
Csus4 (x, 3, 0, 0, 3), (x, 3, 0, 0, 5), (x, 5, 0, 0, 3), (x, x, 0, 0, 3)
