Eb (x, 1, 1, 1, 1), (x, 1, 1, 1, 5), (x, 1, 1, 1, x), (x, 5, 4, 6, 5)
Eb(add9) (x, 1, 1, 1, 3), (x, 13, 11, 10, 13), (x, 5, 4, 6, 3), (x, x, 9, 8, 5)
Eb11 (6, 6, 7, 6, 8), (6, 8, 7, 6, 6), (x, 13, 13, 11, 11), (x, 6, 7, 6, 5)
Eb13 (6, 10, 7, 6, 8), (6, 8, 7, 6, 10), (x, 11, 13, 15, 13), (x, 11, 9, 10, 10)
Eb5 (x, 1, 4, 1, 1), (x, 1, 4, x, x), (x, 8, 9, x, 8), (x, x, x, 6, 8)
Eb6 (x, 1, 1, 3, 5), (x, 1, 4, 3, 5), (x, 5, 6, 6, 8)
Eb7 (x, 1, 1, 4, 1), (x, 1, 1, 4, 5), (x, 5, 7, 6, 8), (x, 8, 9, 10, 11)
Eb7(addb9) (14, 11, 10, 10, x), (x, 1, 1, 4, 2), (x, 13, 10, 10, 11), (x, 2, 1, 4, 1)
Eb7(add#9) (0, 1, 1, 4, 4), (0, 5, 7, 6, 4), (x, 1, 0, 4, 5), (x, 1, 1, 4, 4)
Eb7(b5) (x, 1, 3, 4, 5), (x, 5, 7, 6, 7), (x, 7, 7, 6, 5)
Eb7sus4 (x, 1, 2, 4, 1), (x, 1, 2, 4, x), (x, 8, 9, 11, 11)
Eb9 (14, 11, 11, 10, x), (x, 1, 1, 4, 3), (x, 13, 11, 10, 11), (x, 5, 7, 6, 3)
Eb9(b5) (14, 11, 13, 0, 15), (14, 15, 13, 0, 11), (x, 1, 1, 4, 3), (x, 13, 11, 10, 11)
Ebaug (x, 1, 1, 2, 5), (x, 1, 1, 2, x)
Ebaug7 (x, 1, 5, 4, 5), (x, 11, 13, 14, 13), (x, 13, 13, 14, 11), (x, 9, 9, 10, 11)
Ebdim (0, 1, 0, 0, 1), (0, 7, 9, 9, 7), (x, 1, 0, 0, 1), (x, 1, 0, 0, 4)
Ebdim7 (0, 4, 3, 3, 1), (0, 4, 6, 6, 7), (x, 1, 3, 3, 4), (x, 13, 12, 12, 10)
Ebm (0, 1, 0, 1, 1), (0, 4, 4, 6, 4), (x, 1, 0, 1, 1), (x, 1, 0, 1, 4)
Ebm(add9) (0, 1, 0, 1, 3), (0, 3, 4, 6, 4)
Ebm(maj7) (0, 1, 0, 1, 0), (0, 8, 9, 9, 12), (x, 1, 0, 1, 0), (x, 1, 4, 5, 4)
Ebm11 (0, 1, 2, 4, 4), (0, 4, 7, 6, 6), (x, 1, 2, 4, 4), (x, 13, 12, 11, 11)
Ebm6 (0, 1, 4, 3, 4), (0, 8, 9, 9, 10), (x, 1, 0, 3, 1), (x, 1, 0, 3, 4)
Ebm7 (0, 13, 12, 13, 11), (0, 8, 9, 9, 11), (x, 13, 12, 13, 11)
Ebm7b5 (0, 4, 3, 4, 1), (0, 7, 7, 6, 4), (x, 1, 3, 4, 4), (x, 13, 12, 12, 11)
Ebm9 (0, 1, 0, 4, 3), (0, 11, 11, 9, 13), (14, 11, 0, 13, 15), (14, 15, 0, 13, 11)
Ebmaj13 (x, 1, 1, 3, 0), (x, 12, 13, 15, 13)
Ebmaj7 (x, 1, 1, 1, 0), (x, 1, 1, 5, 0), (x, 1, 1, 5, 1), (x, 5, 8, 6, 8)
Ebmaj7(b5) (x, 1, 1, 0, 0), (x, 5, 8, 6, 7)
Ebmaj7(-sharp5) (x, 1, 1, 2, 0), (x, 9, 9, 10, 12)
Ebmaj9 (14, 12, 11, 10, 0), (x, 1, 1, 5, 3), (x, 13, 11, 10, 12)
Ebsus2 (x, 13, 11, 13, 13), (x, x, 9, 8, 8)
Ebsus4 (x, 6, 4, 6, 6)
