F# (4, 5, 5, 7) f=1224, (7, 9, 10, 10) f=1344
F#(add9) (4, 7, 5, 3) f=2431
F#11 (10, 10, 10, 7) f=2341, (3, 2, 2, 2) f=2111, (3, 4, 2, 0) f=2310
F#13 (10, 9, 10, 12) f=2134, (4, 3, 7, 3) f=2141, (4, 5, 7, 3) f=1240
F#5 (7, 5, 4, 4) f=2100, (x, 4, 4, 2) f=0444, (x, x, 10, 10) f=0044
F#6 (7, 5, 7, 7) f=2134, (7, 9, 10, 6) f=1230, (x, 5, 7, 7) f=0444
F#7 (3, 4, 4, 0) f=2340
F#7(addb9) (0, 2, 1, 2) f=0213, (0, 4, 1, 0) f=0410, (0, 4, 1, 0) f=0440, (10, 6, 10, 7) f=3142
F#7(add#9) (10, 8, 10, 7) f=3241, (2, 4, 1, 0) f=2410
F#7(b5) (3, 2, 3, 2) f=2131, (3, 4, 3, 0) f=1320
F#7sus4 (12, 10, 10, 9) f=4440, (4, 4, 4, 0) f=2340, (x, 4, 2, 0) f=0440
F#9 (1, 2, 1, 2) f=4444, (1, 4, 1, 0) f=1420, (1, 4, 1, 0) f=4440, (12, 9, 12, 8) f=4440
F#aug (3, 0, 5, 2) f=2041, (4, 5, 6, 7) f=1234
F#aug7 (3, 2, 5, 2) f=2141, (3, 4, 5, 0) f=2340, (8, 5, 8, 7) f=3142
F#dim (12, 11, 8, 9) f=4404, (5, 4, 0, 2) f=4301, (x, 5, 4, 9) f=0404
F#dim7 (12, 11, 10, 12) f=4404, (2, 1, 3, 2) f=4444, (5, 1, 0, 2) f=4102, (5, 1, 0, 2) f=4404
F#m (7, 5, 2, 3) f=4201, (7, 8, 10, 10) f=1244
F#m(add9) (2, 4, 4, 4) f=1333, (3, 7, 5, 3) f=1421, (7, 7, 2, 3) f=3401
F#m(maj7) (0, 4, 0, 1) f=0301, (2, 3, 4, 2) f=1231, (2, 4, 4, 1) f=4444
F#m11 (12, 10, 13, 9) f=4440, (12, 10, 9, 13) f=4404, (12, 10, 9, 9) f=4400, (4, 4, 0, 0) f=3400
F#m6 (9, 8, 10, 10) f=2134
F#m7 (2, 2, 4, 2) f=1131, (7, 5, 4, 4) f=3100
F#m7b5 (2, 2, 3, 2) f=1121, (2, 4, 3, 0) f=4440, (5, 4, 0, 0) f=3200
F#m9 (1, 2, 0, 2) f=1203, (1, 4, 0, 0) f=1400, (3, 7, 3, 3) f=1311
F#maj7 (7, 5, 9, 7) f=2143
F#maj9 (1, 4, 1, 1) f=1411, (1, 4, 1, 1) f=4444, (11, 7, 10, 7) f=4131
F#sus2 (7, 5, 5, 5) f=3111, (7, 7, 10, 10) f=1144, (x, 4, 4, 4) f=0444
F#sus4 (7, 10, 10, 10) f=1333, (7, 5, 5, 8) f=3114
