E (x, 2, 1, 0, 2), (x, 2, 1, 0, x), (x, 2, 4, 0, 6), (x, 6, 4, 5, 6)
E(add9) (x, 2, 1, 0, 4), (x, 2, 1, 5, 4)
E11 (x, 6, 7, 5, 7), (x, 7, 7, 5, 6)
E13 (14, 11, 13, 0, 0), (14, 12, 13, 0, 11), (x, 12, 13, 14, 14), (x, 12, 9, 9, 11)
E5 (x, 2, 4, 0, 2), (x, 2, 4, 5, 2), (x, 2, 4, 5, x), (x, 9, 9, 12, x)
E6 (x, 2, 1, 2, 2), (x, 2, 1, 2, x), (x, 2, 4, 2, 6), (x, 9, 9, 9, 11)
E7 (x, 2, 1, 0, 0), (x, 2, 1, 3, 0), (x, 2, 1, 3, 2), (x, 9, 9, 9, 12)
E7(addb9) (x, 2, 1, 3, 3), (x, 3, 1, 3, 2), (x, 3, 1, 5, 0), (x, 3, 7, 5, 6)
E7(add#9) (0, 5, 7, 5, 6), (0, 6, 7, 5, 5), (x, 2, 0, 3, 6), (x, 2, 1, 3, 5)
E7(b5) (x, 12, 13, 11, 14), (x, 14, 13, 11, 12), (x, 2, 3, 3, 6), (x, 8, 7, 5, 6)
E7sus4 (x, 2, 2, 0, 0), (x, 2, 2, 3, 0), (x, 2, 2, 3, 2), (x, 9, 9, 10, 12)
E9 (x, 2, 1, 3, 4), (x, 4, 1, 5, 0), (x, 6, 7, 5, 4)
E9(b5) (x, 2, 1, 3, 4), (x, 4, 1, 3, 2), (x, 4, 7, 5, 6)
Eaug (x, 2, 1, 1, 2), (x, 2, 1, 1, x), (x, 6, 5, 5, 6)
Eaug7 (14, 10, 13, 13, 0), (x, 10, 9, 9, 12), (x, 2, 1, 1, 0), (x, 2, 5, 3, 6)
Edim (0, 2, 3, 5, 5), (0, 8, 9, 8, 8)
Edim7 (0, 2, 3, 2, 5), (0, 8, 6, 5, 5), (14, 11, 12, 11, 11), (x, 2, 3, 2, 5)
Em (0, 2, 0, 0, 2), (0, 5, 4, 5, 5)
Em(add9) (0, 2, 0, 0, 4), (0, 5, 4, 5, 4)
Em(maj7) (0, 2, 0, 0, 1), (0, 2, 4, 4, 5), (x, 2, 0, 0, 1), (x, 2, 4, 4, 5)
Em11 (0, 2, 2, 3, 5), (0, 5, 7, 5, 7), (14, 12, 0, 10, 0), (x, 2, 2, 3, 5)
Em6 (0, 2, 0, 2, 2), (0, 2, 4, 2, 5), (x, 2, 0, 2, 2), (x, 2, 0, 2, 5)
Em7 (0, 2, 0, 0, 0), (0, 2, 4, 3, 5)
Em7b5 (0, 2, 3, 3, 5), (0, 8, 7, 5, 5), (x, 14, 12, 11, 12), (x, 2, 3, 3, 5)
Em9 (0, 2, 0, 3, 4), (0, 4, 7, 5, 5), (5, 0, 4, 5, 4), (5, 4, 4, 5, 0)
Emaj13 (x, 1, 1, 2, 2)
Emaj7 (x, 2, 1, 0, 1), (x, 2, 1, 4, 1), (x, 2, 1, 4, 2), (x, 9, 9, 9, 13)
Emaj7(b5) (x, 14, 13, 11, 13), (x, 8, 8, 5, 6)
Emaj7(-sharp5) (x, 10, 9, 9, 13), (x, 2, 1, 1, 1)
Emaj9 (x, 2, 1, 4, 4), (x, 4, 1, 4, 2)
Esus2 (x, 2, 4, 0, 4), (x, 2, 4, 5, 4), (x, 9, 9, 7, 9), (x, x, 9, 7, 9)
Esus4 (x, 2, 2, 0, 2), (x, 2, 2, 0, x), (x, x, 9, 10, 9)
