F# (x, 4, 6, 6, 8)
F#(add9) (x, 4, 3, 6, 6), (x, 8, 6, 6, 6), (x, x, 3, 6, 6)
F#5 (x, 4, 6, x, x)
F#6 (x, x, 8, 6, 8)
F#7 (x, 4, 3, 6, 2), (x, 8, 9, 6, 8), (x, x, 3, 6, 2), (x, x, 9, 6, 8)
F#7(addb9) (5, 4, 3, 4, x), (x, 5, 3, 6, 2), (x, 5, 9, 6, 8), (x, 8, 9, 6, 5)
F#7(add#9) (7, 8, 9, 6, x), (x, 8, 9, 6, 7)
F#7(b5) (x, 10, 9, 6, 8), (x, 8, 9, 6, 10)
F#7sus4 (x, 4, 4, 6, 2), (x, 9, 9, 6, 9), (x, x, 9, 6, 9)
F#9 (6, 2, 3, 6, 2), (x, 6, 3, 6, 2), (x, 6, 9, 6, 8), (x, 8, 9, 6, 6)
F#9(b5) (6, 4, 3, 0, 2), (x, 6, 3, 6, 2), (x, 6, 9, 6, 8), (x, 8, 9, 6, 6)
F#aug (x, 4, 3, 6, 0), (x, 8, 7, 6, 0), (x, x, 3, 6, 0), (x, x, 7, 6, 8)
F#aug7 (x, 8, 9, 6, 0)
F#dim (x, 4, 5, 6, 7), (x, 7, 5, 6, 4), (x, 7, 5, 6, 7), (x, x, 5, 6, 7)
F#dim7 (7, 4, 8, 0, 7), (x, 10, 8, 6, 7), (x, 7, 8, 6, 10)
F#m (x, 4, 6, 6, 7), (x, 7, 6, 6, 4), (x, 7, 6, 6, 7), (x, x, 6, 6, 7)
F#m(maj7) (7, 3, 6, 6, 3), (7, 4, 6, 5, 4), (7, 4, 6, 5, x), (x, 7, 6, 6, 3)
F#m11 (6, 4, 4, 4, 7), (6, 7, 4, 4, 4), (x, 7, 9, 6, 9), (x, 9, 9, 6, 7)
F#m6 (x, 4, 8, 6, 7), (x, 7, 8, 6, 4), (x, 7, 8, 6, 7), (x, x, 8, 6, 7)
F#m7 (7, 4, 6, 4, 4), (7, 4, 6, 4, 7), (7, 4, 6, 4, x), (x, 4, 2, 1, 2)
F#m7b5 (7, 4, 5, 4, 4), (7, 4, 5, 4, 7), (x, 10, 9, 6, 7), (x, 7, 9, 6, 10)
F#m9 (6, 4, 6, 4, 7), (7, 4, 6, 4, 6)
F#maj7 (x, 4, 3, 6, 3), (x, 8, 10, 6, 8), (x, x, 10, 6, 8), (x, x, 3, 6, 3)
F#maj9 (6, 3, 3, 6, 3), (x, 6, 10, 6, 8), (x, 6, 3, 6, 3), (x, 8, 10, 6, 6)
F#sus2 (x, 4, 6, 6, 6), (x, 6, 6, 6, 4), (x, 6, 6, 6, 6), (x, x, 6, 6, 6)
F#sus4 (x, 9, 11, 11, 11), (x, 9, 6, 6, 9), (x, 9, 6, 6, x), (x, x, 6, 6, 9)
