A (8, 7, 7, 7, 7), (x, 7, 7, 7, 7), (x, x, 3, 4, 2)
A(add9) (8, 7, 7, 7, 9), (x, 7, 7, 0, 9), (x, 7, 7, 7, 9), (x, 9, 10, 12, 11)
A11 (8, 0, 7, 7, 5), (8, 5, 7, 7, 0), (x, 5, 3, 4, 0), (x, 7, 7, 5, 5)
A13 (0, 5, 3, 4, 4), (0, 5, 7, 9, 7), (5, 5, 7, 7, 7), (5, 7, 7, 7, 5)
A5 (x, 2, 3, 0, 2), (x, x, 3, 0, 2), (x, x, x, 0, 2)
A6 (0, 2, 3, 4, 4), (0, 7, 7, 9, 7), (x, 7, 7, 0, 4), (x, x, 3, 4, 4)
A7 (x, 2, 3, 4, 5), (x, 7, 7, 0, 5), (x, 7, 7, 7, 5), (x, x, 3, 4, 5)
A7(addb9) (8, 5, 7, 0, 8), (8, 8, 7, 0, 5), (x, 7, 4, 4, 5), (x, 8, 7, 0, 5)
A7(add#9) (x, 5, 6, 4, 7), (x, 7, 6, 4, 5), (x, 7, 7, 10, 10), (x, 7, 7, 3, 5)
A7(b5) (8, 5, 7, 6, 5), (x, 11, 9, 10, 7), (x, 5, 7, 6, 7), (x, 7, 7, 6, 5)
A7sus4 (8, 0, 8, 7, 5), (x, 2, 1, 0, 0), (x, 7, 8, 7, 5), (x, x, 3, 5, 5)
A9 (8, 5, 7, 0, 9), (x, 5, 5, 4, 7), (x, 7, 5, 4, 5), (x, 7, 7, 10, 9)
A9(b5) (8, 9, 7, 0, 5), (x, 7, 5, 4, 5), (x, 7, 7, 10, 9)
Aaug7 (8, 5, 7, 8, 5), (x, 11, 11, 10, 7), (x, 3, 3, 4, 5), (x, 7, 7, 8, 5)
Adim (x, 7, 6, 6, 7), (x, x, 3, 3, 1)
Adim7 (0, 1, 3, 3, 4), (0, 7, 6, 6, 4), (x, 10, 9, 9, 7), (x, 7, 6, 6, 4)
Am (x, 7, 6, 7, 7), (x, x, 6, 0, 2)
Am(add9) (x, 7, 6, 7, 9), (x, 9, 10, 12, 10)
Am(maj7) (8, 6, 6, 7, 6), (8, 7, 6, 7, 6), (x, 10, 10, 11, 7)
Am11 (8, 0, 6, 0, 5), (8, 5, 6, 0, 0), (x, 5, 6, 0, 0), (x, 7, 6, 5, 5)
Am6 (0, 2, 3, 3, 4), (0, 7, 6, 7, 4), (x, x, 3, 3, 4), (x, x, 6, 0, 4)
Am7 (8, 5, 6, 7, 5), (x, 2, 3, 3, 5), (x, 7, 10, 10, 10), (x, 7, 6, 7, 5)
Am7b5 (11, 7, 9, 10, 7), (x, 10, 9, 10, 7), (x, 7, 6, 6, 5)
Am9 (8, 9, 10, 10, 10), (x, 10, 13, 12, 9), (x, 9, 6, 0, 5)
Amaj13 (0, 4, 7, 0, 6), (0, 7, 7, 9, 6)
Amaj7 (x, 11, 14, 12, 14), (x, 7, 7, 0, 6), (x, 7, 7, 7, 6), (x, x, 3, 4, 6)
Amaj7(b5) (x, 11, 14, 12, 13), (x, 7, 7, 6, 6)
Amaj7(-sharp5) (x, 3, 3, 4, 6), (x, 7, 7, 8, 6)
Amaj9 (x, 6, 5, 4, 7), (x, 7, 5, 4, 6), (x, 7, 7, 11, 9)
Asus2 (x, 7, 5, 7, 7), (x, x, 3, 2, 2)
Asus4 (x, 2, 3, 0, 0), (x, x, 3, 5, 2)
