Bb (x, 8, 10, 10, 0)
Bb(add9) (8, 0, 5, 0, 0), (8, 0, 5, 5, 0), (8, 0, 7, 0, 0)
Bb11 (6, 0, 3, 3, 3), (6, 3, 3, 3, 0), (8, 0, 8, 5, 6), (8, 6, 8, 5, 0)
Bb13 (8, 0, 0, 5, 6), (8, 5, 7, 5, 6), (8, 6, 0, 5, 0), (8, 6, 10, 7, 0)
Bb5 (8, 8, 10, x, x), (x, 8, 10, 10, 8)
Bb6 (8, 0, 0, 5, 0), (8, 0, 0, 5, 5), (8, 0, 0, 5, 8), (8, 0, 0, 7, 0)
Bb7(addb9) (8, 0, 4, 5, 6), (8, 0, 7, 8, 9), (8, 9, 7, 8, 0)
Bb7(add#9) (8, 0, 6, 8, 0), (8, 0, 6, 8, 6), (8, 6, 6, 8, 0)
Bb7(b5) (8, 0, 7, 4, 6), (8, 0, 9, 8, 6), (8, 6, 9, 8, 0), (x, 0, 3, 4, 6)
Bb7sus4 (8, 6, 8, 8, 6), (8, 6, 8, x, x), (8, 8, 8, 8, 8), (x, 8, 8, 10, 6)
Bb9 (8, 0, 5, 0, 6), (8, 0, 7, 0, 6), (8, 6, 5, 0, 0), (8, 6, 7, 0, 0)
Bb9(b5) (8, 0, 5, 0, 6), (8, 0, 5, 8, 0), (8, 0, 7, 0, 6), (8, 6, 7, 0, 0)
Bbaug (8, 0, 7, 6, 0), (8, 0, 7, 6, 8), (8, 4, 7, 6, 0), (8, 8, 7, 6, 0)
Bbaug7 (8, 6, 7, 6, 0), (8, 6, 7, 6, 6)
Bbdim (x, 11, 9, 10, 11), (x, 11, 9, 10, 8), (x, 8, 9, 10, 11), (x, x, 9, 10, 11)
Bbdim7 (x, 2, 3, 1, 5), (x, 5, 3, 1, 2), (x, 5, 6, 4, 8), (x, 8, 6, 4, 5)
Bbm (8, 8, 10, 10, 11), (8, 8, 6, 5, x), (x, 11, 10, 10, 8), (x, 8, 10, 10, 11)
Bbm(maj7) (8, 11, 10, 9, 11), (8, 7, 6, 5, x), (8, 8, 10, 9, 11), (x, 11, 10, 10, 7)
Bbm11 (8, 10, 8, 8, 11), (8, 11, 8, 8, 10), (8, 11, 8, 8, 8), (8, 8, 8, 8, 11)
Bbm6 (8, 5, 6, 5, 5), (8, 5, 6, 5, 8), (8, 5, 6, 7, 5), (8, 5, 6, x, x)
Bbm7 (8, 11, 10, 8, 11), (8, 11, 10, 8, 8), (8, 6, 6, 5, x), (8, 8, 10, 8, 11)
Bbm7b5 (11, 14, 13, 10, x), (11, 8, 9, 8, 11), (11, 8, 9, 8, 8), (11, 8, 9, 8, x)
Bbm9 (10, 8, 10, 8, 11), (11, 8, 10, 8, 10), (8, 10, 10, 8, 11), (8, 11, 10, 8, 10)
Bbmaj7 (8, 0, 7, 5, 7), (8, 0, 7, 9, 0), (8, 7, 7, 5, 0), (8, 8, 7, 9, 0)
Bbmaj9 (8, 0, 5, 0, 7), (8, 0, 7, 0, 7), (8, 7, 5, 0, 0), (8, 7, 7, 0, 0)
Bbsus2 (8, 10, 10, 0, 10), (8, 10, 10, 0, 8), (8, 8, 10, 0, 8), (x, 8, 10, 10, 10)
Bbsus4 (8, 8, 8, 5, x), (x, 13, 10, 10, 13), (x, 13, 10, 10, x), (x, x, 10, 10, 13)
