B (9, 6, 8, 6, 9), (9, 6, 8, 6, x), (9, 6, 8, x, x)
B(add9) (x, 11, 11, 13, 13)
B13 (6, 6, 8, 9, 9), (6, 9, 8, 6, 9), (9, 6, 8, 9, 6)
B5 (9, 11, 11, 11, 9), (9, 6, x, x, x), (x, 11, 11, 11, 9), (x, x, 11, 11, 9)
B6 (9, 8, 8, x, x)
B7 (9, 6, 8, 6, 7), (9, 9, 8, x, x), (x, 11, 8, 11, 7)
B7(addb9) (9, 0, 8, 6, 7), (9, 0, 8, 9, 7), (9, 9, 8, 0, 7)
B7(add#9) (9, 11, 8, 9, 0), (9, 6, 8, 9, 0), (9, 9, 8, 6, 0), (9, 9, 8, 9, 0)
B7(b5) (9, 5, 8, 5, 7), (9, 5, 8, 9, x), (9, 9, 8, 5, x), (x, 5, 4, 3, 7)
B7sus4 (9, 11, 9, 9, 9), (9, 6, 9, 6, 7), (9, 9, 9, 9, 9), (x, 11, 9, 11, 7)
B9(b5) (9, 9, 10, 13, 13), (x, 11, 14, 13, 13), (x, 11, 14, 15, 11), (x, 13, 14, 11, 13)
Baug (9, 7, 8, 7, 9), (9, 7, 8, 7, x), (9, 7, 8, x, x), (x, 11, 12, 11, 13)
Baug7 (9, 7, 8, 7, 7), (9, 7, 8, 9, x)
Bdim (9, 11, 10, 11, 0), (9, 5, 7, 5, 0), (9, 5, 7, 5, 9), (x, 11, 10, 11, 0)
Bdim7 (9, 11, 10, 8, 0), (9, 5, 7, 8, 0), (9, 8, 10, 8, 0), (9, 8, 7, 5, 0)
Bm (9, 6, 7, 6, 9)
Bm(maj7) (9, 11, 11, 10, 0)
Bm11 (9, 9, 9, 6, 0), (9, 9, 9, 9, 0)
Bm6 (9, 6, 7, 6, 6), (9, 6, 7, 8, 0), (9, 8, 7, 6, 0), (9, 8, 7, 8, 0)
Bm7 (9, 6, 7, 6, 7), (9, 6, 7, 9, 0), (9, 9, 7, 6, 0)
Bm7b5 (12, 11, 10, 9, 0), (12, 9, 10, 11, 0), (9, 5, 7, 9, 0), (9, 9, 7, 5, 0)
Bm9 (9, 6, 6, 9, 0), (9, 9, 11, 13, 0)
Bmaj9 (x, 11, 15, 13, 13)
Bsus2 (9, 6, 6, 6, 9), (9, 6, 6, 6, x), (9, 6, 6, x, x), (x, 11, 11, 11, 11)
Bsus4 (9, 6, 9, 6, x), (9, 6, 9, x, x), (x, 11, 11, 11, 14)
